1710953602914 0.709845781326294 24
1710953605498 0.7055237293243408 24
1710953607658 0.609321117401123 24
1710953609564 0.6227401494979858 24
1710953611468 0.615678071975708 24
1710953613352 0.6726484298706055 24
1710953615233 0.7548524141311646 24
1710953617106 0.6921787261962891 24
1710953618977 0.6785972118377686 24
1710953620892 0.7478960156440735 24
1710953622740 0.6587158441543579 24
1710953624644 0.6719789505004883 24
1710953626526 0.734778106212616 24
1710953628413 0.7040233016014099 24
1710953630308 0.7273856997489929 24
1710953632190 0.6417667865753174 24
1710953634099 0.8193662166595459 24
1710953635997 0.6983856558799744 24
1710953637906 0.7321580648422241 24
1710953639804 0.6979048252105713 24
1710953641703 0.7192469835281372 24
1710953643578 0.6217628121376038 24
1710953645506 0.6225773692131042 24
1710953647439 0.738174557685852 24
1710953649332 0.8567789793014526 24
1710953651227 0.6660474538803101 24
1710953653108 0.6586787104606628 24
1710953655000 0.6627234220504761 24
1710953656915 0.7344173192977905 24
1710953658813 0.7421713471412659 24
1710953660739 0.7490864992141724 24
1710953662653 0.6968187093734741 24
1710953664545 0.6616491675376892 24
1710953666446 0.7562777996063232 24
1710953668377 0.7133324146270752 24
1710953670267 0.6764672994613647 24
1710953672174 0.6726348400115967 24
1710953674107 0.6832019090652466 24
1710953676004 0.6435542106628418 24
1710953677888 0.6235776543617249 24
1710953679813 0.7511168718338013 24
1710953681717 0.6879062652587891 24
1710953683631 0.7114158272743225 24
1710953685561 0.6644998788833618 24
1710953687453 0.7289431095123291 24
1710953689371 0.6848682761192322 24
1710953691260 0.7059872150421143 24
1710953693172 0.607197105884552 24
1710953695122 0.7195879220962524 24
1710953697046 0.7950941324234009 24
1710953698963 0.6753361821174622 24
1710953700876 0.6613522171974182 24
1710953702772 0.6475378274917603 24
1710953704724 0.6874610185623169 24
1710953706635 0.6541728973388672 24
1710953708526 0.7293646335601807 24
1710953710457 0.7351106405258179 24
1710953712384 0.8153672814369202 24
1710953714275 0.7409809827804565 24
1710953716265 0.712793231010437 24
1710953718188 0.6784442663192749 24
1710953720110 0.783034086227417 24
1710953722012 0.7168610095977783 24
1710953723954 0.612297534942627 24
1710953725850 0.6978698372840881 24
1710953727791 0.6682949066162109 24
1710953729697 0.6234394311904907 24
1710953731601 0.7231541275978088 24
1710953733517 0.7292914390563965 24
1710953735418 0.6822934150695801 24
1710953737369 0.6987841129302979 24
1710953739266 0.644080400466919 24
1710953741155 0.7532303929328918 24
1710953743070 0.6940382122993469 24
1710953745014 0.6255623698234558 24
1710953746917 0.6945706009864807 24
1710953748826 0.6653937101364136 24
1710953750747 0.6666213274002075 24
1710953752678 0.7146325707435608 24
1710953754614 0.7282304167747498 24
1710953756531 0.7077134847640991 24
1710953758474 0.6198439598083496 24
1710953760390 0.7172952890396118 24
1710953762326 0.7008743286132812 24
1710953764251 0.7606911063194275 24
1710953766204 0.8224776983261108 24
1710953768124 0.6541887521743774 24
1710953770420 0.7361170053482056 24
1710953772339 0.6530705690383911 24
1710953774263 0.723918080329895 24
1710953776189 0.7417532205581665 24
1710953778123 0.6641100645065308 24
1710953780047 0.6739466786384583 24
1710953782002 0.6986274719238281 24
1710953783921 0.7113418579101562 24
1710953785855 0.6640783548355103 24
1710953787776 0.7017912864685059 24
1710953789687 0.7914141416549683 24
1710953791645 0.7573959827423096 24
1710953793578 0.8047529458999634 24
1710953795490 0.6840697526931763 24
1710953797425 0.7577382326126099 24
1710953799352 0.6518468260765076 24
1710953801244 0.6287517547607422 24
1710953803185 0.7745054960250854 24
1710953805044 0.7375127077102661 24
1710953806975 0.7708144187927246 24
1710953808911 0.688183069229126 24
1710953810821 0.763484001159668 24
1710953812728 0.6969364881515503 24
1710953814637 0.7586653232574463 24
1710953816533 0.6486330032348633 24
1710953818433 0.6332494616508484 24
1710953820327 0.6170211434364319 24
1710953822335 0.6555752158164978 24
1710953824288 0.6812245845794678 24
1710953826196 0.7019670605659485 24
1710953828133 0.6790271997451782 24
1710953830054 0.6903473734855652 24
1710953831969 0.7127799987792969 24
1710953833883 0.7137793302536011 24
1710953835797 0.6712713241577148 24
1710953837691 0.727641224861145 24
1710953839602 0.653273344039917 24
1710953841526 0.6751405596733093 24
1710953843435 0.6422345638275146 24
1710953845329 0.6451643705368042 24
1710953847240 0.7656083703041077 24
1710953849180 0.6775410175323486 24
1710953851113 0.7357674837112427 24
1710953853020 0.691395103931427 24
1710953854928 0.7174153923988342 24
1710953856885 0.6747221946716309 24
1710953858822 0.7862389087677002 24
1710953860748 0.6940758228302002 24
1710953862670 0.6996151208877563 24
1710953864578 0.6694351434707642 24
1710953866487 0.626287579536438 24
1710953868375 0.7047063112258911 24
1710953870295 0.6760475635528564 24
1710953872179 0.7590780258178711 24
1710953874106 0.7082532644271851 24
1710953876046 0.6899962425231934 24
1710953877969 0.6535167694091797 24
1710953879884 0.6152306795120239 24
1710953881802 0.6879322528839111 24
1710953883708 0.7094049453735352 24
1710953885641 0.6438567042350769 24
1710953887563 0.8800174593925476 24
1710953889468 0.7397727370262146 24
1710953891367 0.7086676955223083 24
1710953893293 0.6748842597007751 24
1710953895214 0.6845561265945435 24
1710953897149 0.7295361757278442 24
1710953899067 0.6805327534675598 24
1710953900977 0.6766717433929443 24
1710953902889 0.7836744785308838 24
1710953904822 0.7290836572647095 24
1710953906748 0.7127822041511536 24
1710953908685 0.6840654015541077 24
1710953910604 0.712165117263794 24
1710953912540 0.6105184555053711 24
1710953914470 0.6319153308868408 24
1710953916354 0.6386086940765381 24
1710953918292 0.7338460683822632 24
1710953920216 0.7367860674858093 24
1710953922114 0.775550365447998 24
1710953924015 0.7023923993110657 24
1710953925920 0.7534146308898926 24
1710953927859 0.6352776885032654 24
1710953929783 0.6767690777778625 24
1710953931710 0.770132303237915 24
1710953933652 0.7702393531799316 24
1710953935584 0.6798065900802612 24
1710953937495 0.7598559856414795 24
1710953939413 0.764093279838562 24
1710953941314 0.7135272026062012 24
1710953943226 0.6256817579269409 24
1710953945127 0.7169250249862671 24
1710953947058 0.7402170896530151 24
1710953948974 0.7034022808074951 24
1710953950864 0.6441068649291992 24
1710953952796 0.6821724772453308 24
1710953954727 0.677990198135376 24
1710953956657 0.6792086362838745 24
1710953958584 0.6325743794441223 24
1710953960494 0.6406813859939575 24
1710953962441 0.6567357182502747 24
1710953964344 0.7427327632904053 24
1710953966295 0.6662904024124146 24
1710953968218 0.6876935958862305 24
1710953970129 0.6945793628692627 24
1710953972061 0.610008716583252 24
1710953973989 0.6608717441558838 24
1710953975931 0.781252384185791 24
1710953977833 0.6726272702217102 24
1710953979772 0.6373205184936523 24
1710953981716 0.7669129967689514 24
1710953983633 0.5742908716201782 24
1710953985553 0.6360161304473877 24
1710953987470 0.7480944395065308 24
1710953989398 0.669086217880249 24
1710953991308 0.777064323425293 24
1710953993235 0.6993745565414429 24
1710953995121 0.7119348049163818 24
1710953997056 0.7464637756347656 24
1710953998988 0.7132454514503479 24
1710954000903 0.7174170017242432 24
1710954002875 0.6692965030670166 24
1710954004817 0.6624510288238525 24
1710954006739 0.7941011190414429 24
1710954008695 0.7343825697898865 24
1710954010620 0.6640749573707581 24
1710954012534 0.6738186478614807 24
1710954014436 0.6025378704071045 24
1710954016353 0.6697462797164917 24
1710954018270 0.6267290115356445 24
1710954020197 0.6762152910232544 24
1710954022089 0.6298049092292786 24
1710954023999 0.6881024241447449 24
1710954025918 0.6724057197570801 24
1710954027845 0.6589456796646118 24
1710954029732 0.6978681683540344 24
1710954031684 0.6434324383735657 24
1710954033588 0.6468651294708252 24
1710954035512 0.7487004995346069 24
1710954037416 0.6754823923110962 24
1710954039318 0.6867598295211792 24
1710954041225 0.7269736528396606 24
1710954043125 0.7838424444198608 24
1710954045031 0.6692018508911133 24
1710954046940 0.7058091163635254 24
1710954048847 0.6925070285797119 24
1710954050750 0.6401273608207703 24
1710954052660 0.6510137319564819 24
1710954054577 0.7774182558059692 24
1710954056487 0.7405808568000793 24
1710954058394 0.6395887136459351 24
1710954060302 0.5802718997001648 24
1710954062213 0.720771074295044 24
1710954064113 0.6642321348190308 24
1710954066000 0.7027890682220459 24
1710954067911 0.6653524041175842 24
1710954069846 0.6893583536148071 24
1710954071772 0.6710971593856812 24
1710954073698 0.6629615426063538 24
1710954075602 0.7699011564254761 24
1710954077547 0.6587855815887451 24
1710954079466 0.6738033294677734 24
1710954081403 0.6482272744178772 24
1710954083343 0.7249311208724976 24
1710954085260 0.6880923509597778 24
1710954087154 0.6493600010871887 24
1710954089067 0.7349197268486023 24
1710954090993 0.62844318151474 24
1710954092903 0.67799973487854 24
1710954094830 0.6804682612419128 24
1710954096738 0.6772622466087341 24
1710954098640 0.7284576892852783 24
1710954100590 0.6999573707580566 24
1710954102507 0.6778789758682251 24
1710954104691 0.7281286716461182 24
1710954106599 0.7042198181152344 24
1710954108504 0.5971288681030273 24
1710954110400 0.6919849514961243 24
1710954112297 0.7812577486038208 24
1710954114197 0.740524172782898 24
1710954116092 0.5856547951698303 24
1710954117997 0.6608226895332336 24
1710954119933 0.7009772658348083 24
1710954121830 0.7022140026092529 24
1710954123730 0.614924430847168 24
1710954125611 0.6511358022689819 24
1710954127540 0.6732881665229797 24
1710954129450 0.7305681705474854 24
1710954131372 0.6844907999038696 24
1710954133279 0.5947666168212891 24
1710954135179 0.7412216067314148 24
1710954137106 0.6898587942123413 24
1710954138999 0.726041316986084 24
1710954140902 0.7047262787818909 24
1710954142830 0.7324146628379822 24
1710954144741 0.805804431438446 24
1710954146643 0.711857795715332 24
1710954148548 0.6680455207824707 24
1710954150488 0.7271982431411743 24
1710954152406 0.6974718570709229 24
1710954154343 0.6903872489929199 24
1710954156224 0.7068599462509155 24
1710954158168 0.6686582565307617 24
1710954160061 0.7366225719451904 24
1710954161963 0.7489641308784485 24
1710954163870 0.667489767074585 24
1710954165778 0.6611201763153076 24
1710954167678 0.6175788640975952 24
1710954169603 0.7148321270942688 24
1710954171516 0.6853644251823425 24
1710954173445 0.7010049819946289 24
1710954175366 0.7105860114097595 24
1710954177270 0.7715521454811096 24
1710954179220 0.6867545247077942 24
1710954181158 0.6102744340896606 24
1710954183079 0.6713848114013672 24
1710954184994 0.6720852851867676 24
1710954186889 0.8197333812713623 24
1710954188806 0.6236081123352051 24
1710954190738 0.7498267889022827 24
1710954192678 0.7606766819953918 24
1710954194606 0.712024450302124 24
1710954196520 0.7252349853515625 24
1710954198451 0.6791354417800903 24
1710954200357 0.7180182337760925 24
1710954202298 0.6368451714515686 24
1710954204192 0.6442915201187134 24
1710954206098 0.5591304302215576 24
1710954208022 0.6306334733963013 24
1710954209929 0.7460708618164062 24
1710954211839 0.6130489110946655 24
1710954213782 0.6703182458877563 24
1710954215680 0.7189120054244995 24
1710954217620 0.7444776296615601 24
1710954219826 0.7250159978866577 24
1710954221739 0.6758371591567993 24
1710954223673 0.6279747486114502 24
1710954225587 0.6481126546859741 24
1710954227498 0.6698365211486816 24
1710954229426 0.7161347270011902 24
1710954231358 0.6632756590843201 24
1710954233279 0.6647893190383911 24
1710954235207 0.6624509692192078 24
1710954237124 0.6595438718795776 24
1710954239022 0.7005419135093689 24
1710954240942 0.7103842496871948 24
1710954242907 0.8159252405166626 24
1710954244804 0.7364925742149353 24
1710954246744 0.6138073801994324 24
1710954248667 0.6461377739906311 24
1710954250577 0.7204443216323853 24
1710954252524 0.6869529485702515 24
1710954254459 0.6597580909729004 24
1710954256347 0.7005598545074463 24
1710954258266 0.5955885052680969 24
1710954260183 0.712554931640625 24
1710954262105 0.7057093977928162 24
1710954264006 0.6866430044174194 24
1710954265943 0.6714495420455933 24
1710954267837 0.7794016599655151 24
1710954269740 0.6675580739974976 24
1710954271671 0.7034870386123657 24
1710954273571 0.6935650110244751 24
1710954275522 0.6736183166503906 24
1710954277425 0.6781843304634094 24
1710954279356 0.739142894744873 24
1710954281265 0.6863837242126465 24
1710954283184 0.646248996257782 24
1710954285105 0.7586348056793213 24
1710954287013 0.6438072919845581 24
1710954288868 0.690423309803009 24
1710954290779 0.6436359286308289 24
1710954292702 0.6859646439552307 24
1710954294611 0.7453850507736206 24
1710954296535 0.6321051716804504 24
1710954298470 0.7431344985961914 24
1710954300384 0.6408013701438904 24
1710954302295 0.7211501598358154 24
1710954304212 0.7313074469566345 24
1710954306096 0.6872281432151794 24
1710954308054 0.6795992851257324 24
1710954309964 0.6457899808883667 24
1710954311880 0.6568623185157776 24
1710954313773 0.694448709487915 24
1710954315702 0.7580438256263733 24
1710954317617 0.6819334030151367 24
1710954319513 0.6802414655685425 24
1710954321414 0.741182804107666 24
1710954323347 0.7745977640151978 24
1710954325250 0.7916562557220459 24
1710954327176 0.7163366675376892 24
1710954329091 0.5951282978057861 24
1710954330990 0.6705052852630615 24
1710954332927 0.649654746055603 24
1710954334846 0.6500647068023682 24
1710954336759 0.7708866596221924 24
1710954338706 0.7088319659233093 24
1710954340634 0.624636173248291 24
1710954342540 0.6341859698295593 24
1710954344465 0.7676698565483093 24
1710954346378 0.7626261711120605 24
1710954348315 0.6186719536781311 24
1710954350230 0.5931743383407593 24
1710954352149 0.7002968788146973 24
1710954354069 0.6124472618103027 24
1710954355978 0.6611922979354858 24
1710954357890 0.7538881897926331 24
1710954359800 0.6689244508743286 24
1710954361718 0.6994353532791138 24
1710954363649 0.6851722002029419 24
1710954365566 0.7316160202026367 24
1710954367479 0.6527314782142639 24
1710954369392 0.6688002347946167 24
1710954371296 0.7169972062110901 24
1710954373198 0.713843822479248 24
1710954375119 0.6517171263694763 24
1710954377015 0.6987555623054504 24
1710954378936 0.7092758417129517 24
1710954380826 0.7019253969192505 24
1710954382776 0.7557833194732666 24
1710954384651 0.6549527645111084 24
1710954386578 0.7759548425674438 24
1710954388530 0.742942214012146 24
1710954390447 0.7878216505050659 24
1710954392364 0.6119211912155151 24
1710954394280 0.6896922588348389 24
1710954396199 0.6852587461471558 24
1710954398090 0.7245877981185913 24
1710954399984 0.6272389888763428 24
1710954401906 0.7306990623474121 24
1710954403814 0.7629464864730835 24
1710954405709 0.762573778629303 24
1710954407633 0.7044295072555542 24
1710954409550 0.6978909969329834 24
1710954411450 0.7533776760101318 24
1710954413357 0.7786480188369751 24
1710954415277 0.6250209212303162 24
1710954417184 0.6942229866981506 24
1710954419083 0.6260660886764526 24
1710954421017 0.6867119669914246 24
1710954422929 0.6718549728393555 24
1710954424814 0.7235086560249329 24
1710954426725 0.6892591714859009 24
1710954428613 0.6806329488754272 24
1710954430808 0.7294743657112122 24
1710954432716 0.7035119533538818 24
1710954434627 0.7869499325752258 24
1710954436527 0.7102665305137634 24
1710954438468 0.6354238986968994 24
1710954440390 0.7094472646713257 24
1710954442319 0.6729354858398438 24
1710954444256 0.7450043559074402 24
1710954446205 0.7702779769897461 24
1710954448135 0.751879870891571 24
1710954450069 0.7027710676193237 24
1710954451994 0.6300467252731323 24
1710954453925 0.7001351118087769 24
1710954455845 0.6558088064193726 24
1710954457754 0.7063572406768799 24
1710954459642 0.66253262758255 24
1710954461574 0.7463834285736084 24
1710954463482 0.7331526279449463 24
1710954465415 0.6834042072296143 24
1710954467334 0.6737709641456604 24
1710954469263 0.6842523813247681 24
1710954471174 0.7885857820510864 24
1710954473125 0.6558114886283875 24
1710954475057 0.7839874029159546 24
1710954476961 0.7471293807029724 24
1710954478859 0.6891737580299377 24
1710954480788 0.6767151355743408 24
1710954482704 0.6601228713989258 24
