1710869173109 0.7546699643135071 4
1710869175552 0.7534530758857727 4
1710869177528 0.7582204341888428 4
1710869179430 0.6348470449447632 4
1710869181316 0.7379640340805054 4
1710869183218 0.8106377720832825 4
1710869185100 0.6992533206939697 4
1710869186975 0.7493848204612732 4
1710869188845 0.6938396096229553 4
1710869190729 0.7243776917457581 4
1710869192627 0.6708436012268066 4
1710869194567 0.7750052213668823 4
1710869196485 0.6922861933708191 4
1710869198419 0.6991747617721558 4
1710869200342 0.7722879648208618 4
1710869202243 0.6421972513198853 4
1710869204142 0.7588036060333252 4
1710869206039 0.6877665519714355 4
1710869207936 0.6804794669151306 4
1710869209813 0.7135490775108337 4
1710869211725 0.7850841283798218 4
1710869213622 0.7316626310348511 4
1710869215495 0.7537189722061157 4
1710869217397 0.7814451456069946 4
1710869219287 0.7570310831069946 4
1710869221194 0.783774197101593 4
1710869223094 0.729785680770874 4
1710869224968 0.7206648588180542 4
1710869226861 0.6203491687774658 4
1710869228743 0.7777000665664673 4
1710869230631 0.7629144787788391 4
1710869232549 0.7849246263504028 4
1710869234447 0.7780575752258301 4
1710869236347 0.7526842355728149 4
1710869238240 0.6834439635276794 4
1710869240187 0.7731541395187378 4
1710869242106 0.7295628190040588 4
1710869244000 0.7408628463745117 4
1710869245904 0.7779927253723145 4
1710869247797 0.738956868648529 4
1710869249675 0.7782437801361084 4
1710869251594 0.6969005465507507 4
1710869253500 0.6867292523384094 4
1710869255408 0.7111290693283081 4
1710869257320 0.6731160283088684 4
1710869259235 0.7069251537322998 4
1710869261130 0.77299565076828 4
1710869263050 0.7104811668395996 4
1710869264965 0.7157747745513916 4
1710869266855 0.6820945739746094 4
1710869268730 0.643134593963623 4
1710869270674 0.7625826001167297 4
1710869272583 0.7852734923362732 4
1710869274508 0.6034226417541504 4
1710869276418 0.7413265109062195 4
1710869278344 0.6642153263092041 4
1710869280648 0.7248892784118652 4
1710869282542 0.6574220657348633 4
1710869284468 0.6954352855682373 4
1710869286369 0.7178017497062683 4
1710869288286 0.672332763671875 4
1710869290175 0.7071242332458496 4
1710869292099 0.7146903872489929 4
1710869294007 0.7230632305145264 4
1710869295906 0.6972408294677734 4
1710869297838 0.6854502558708191 4
1710869299756 0.7020057439804077 4
1710869301657 0.7283440828323364 4
1710869303593 0.7826411128044128 4
1710869305523 0.8253264427185059 4
1710869307431 0.675410807132721 4
1710869309329 0.6846659183502197 4
1710869311253 0.7420140504837036 4
1710869313150 0.6917858123779297 4
1710869315060 0.6624948978424072 4
1710869316974 0.7135748863220215 4
1710869318848 0.738254189491272 4
1710869320785 0.8312286734580994 4
1710869322684 0.7162872552871704 4
1710869324600 0.6881043910980225 4
1710869326492 0.7374770641326904 4
1710869328423 0.7295445203781128 4
1710869330359 0.7633705735206604 4
1710869332254 0.727237343788147 4
1710869334171 0.7150987386703491 4
1710869336080 0.6706161499023438 4
1710869337968 0.808998703956604 4
1710869339900 0.6996159553527832 4
1710869341799 0.6986433863639832 4
1710869343723 0.7624199986457825 4
1710869345630 0.7070759534835815 4
1710869347526 0.6937084197998047 4
1710869349436 0.7303963899612427 4
1710869351339 0.6825803518295288 4
1710869353256 0.666019856929779 4
1710869355192 0.6818305253982544 4
1710869357089 0.8182912468910217 4
1710869358985 0.6583528518676758 4
1710869360894 0.68625807762146 4
1710869362810 0.7524136304855347 4
1710869364714 0.730526864528656 4
1710869366624 0.7427284717559814 4
1710869368530 0.7461711168289185 4
1710869370440 0.7778517603874207 4
1710869372335 0.7231475710868835 4
1710869374249 0.7350633144378662 4
1710869376181 0.6896312832832336 4
1710869378083 0.724218487739563 4
1710869379966 0.6721035242080688 4
1710869381886 0.6353790760040283 4
1710869383790 0.7944837808609009 4
1710869385724 0.7233785390853882 4
1710869387634 0.669724702835083 4
1710869389557 0.6359742879867554 4
1710869391475 0.6484198570251465 4
1710869393394 0.7463624477386475 4
1710869395293 0.708105206489563 4
1710869397184 0.8204605579376221 4
1710869399103 0.6722229719161987 4
1710869401002 0.7581219673156738 4
1710869402915 0.7737737894058228 4
1710869404830 0.6752399802207947 4
1710869406722 0.7373904585838318 4
1710869408614 0.738762617111206 4
1710869410526 0.7073693871498108 4
1710869412416 0.665213942527771 4
1710869414325 0.6644192934036255 4
1710869416235 0.7259052395820618 4
1710869418129 0.7914490699768066 4
1710869420024 0.7306717038154602 4
1710869421921 0.7176810503005981 4
1710869423832 0.6882207989692688 4
1710869425736 0.8044741153717041 4
1710869427659 0.8374963402748108 4
1710869429567 0.7961457967758179 4
1710869431469 0.8101294636726379 4
1710869433390 0.7813116312026978 4
1710869435282 0.6479913592338562 4
1710869437185 0.7235475778579712 4
1710869439085 0.7207790613174438 4
1710869440973 0.6364980936050415 4
1710869442870 0.6898657083511353 4
1710869444757 0.7397483587265015 4
1710869446667 0.6785463094711304 4
1710869448587 0.8189267516136169 4
1710869450519 0.6768359541893005 4
1710869452412 0.7572576999664307 4
1710869454326 0.7262037396430969 4
1710869456243 0.7565085887908936 4
1710869458135 0.7419216632843018 4
1710869460026 0.774151086807251 4
1710869461925 0.7208043336868286 4
1710869463812 0.7002434730529785 4
1710869465717 0.7518190145492554 4
1710869467638 0.7081736326217651 4
1710869469511 0.6383926272392273 4
1710869471449 0.7075917720794678 4
1710869473353 0.7249642610549927 4
1710869475250 0.7794874906539917 4
1710869477139 0.7417994737625122 4
1710869479041 0.6691713929176331 4
1710869480942 0.731045126914978 4
1710869482862 0.704094409942627 4
1710869484771 0.6276637315750122 4
1710869486690 0.7727147936820984 4
1710869488603 0.7060876488685608 4
1710869490520 0.7762937545776367 4
1710869492423 0.7128706574440002 4
1710869494311 0.6740936636924744 4
1710869496243 0.6960912942886353 4
1710869498144 0.714403510093689 4
1710869500032 0.7141161561012268 4
1710869501923 0.7560818195343018 4
1710869503846 0.761383056640625 4
1710869505742 0.7039634585380554 4
1710869507637 0.7609380483627319 4
1710869509529 0.7319319248199463 4
1710869511389 0.7622486352920532 4
1710869513329 0.6800689697265625 4
1710869515247 0.7159953117370605 4
1710869517151 0.6908446550369263 4
1710869519056 0.6802682280540466 4
1710869520979 0.6421602964401245 4
1710869522899 0.8251191973686218 4
1710869524820 0.7210521697998047 4
1710869526731 0.7120482325553894 4
1710869528643 0.7242682576179504 4
1710869530501 0.7669299840927124 4
1710869532444 0.6899642944335938 4
1710869534335 0.6900812387466431 4
1710869536257 0.7374560832977295 4
1710869538132 0.6610859632492065 4
1710869540042 0.7483279705047607 4
1710869541952 0.7516740560531616 4
1710869543856 0.7457972764968872 4
1710869545745 0.7068430185317993 4
1710869547620 0.769355058670044 4
1710869549546 0.7498694658279419 4
1710869551467 0.7638798952102661 4
1710869553403 0.8135191202163696 4
1710869555310 0.6013339757919312 4
1710869557220 0.6895703077316284 4
1710869559437 0.7082005143165588 4
1710869561355 0.6548721790313721 4
1710869563256 0.7522934675216675 4
1710869565169 0.6615855693817139 4
1710869567083 0.6851589679718018 4
1710869569006 0.6760183572769165 4
1710869570910 0.6937429904937744 4
1710869572812 0.6799098253250122 4
1710869575033 0.7374827265739441 4
1710869576968 0.6463455557823181 4
1710869578871 0.7982480525970459 4
1710869580777 0.7805317640304565 4
1710869582680 0.7742986083030701 4
1710869584579 0.8179149627685547 4
1710869586467 0.7476023435592651 4
1710869588335 0.682113766670227 4
1710869590245 0.6595646142959595 4
1710869592149 0.6553785800933838 4
1710869594051 0.7092028260231018 4
1710869595968 0.7169644236564636 4
1710869597865 0.7443096041679382 4
1710869599775 0.764142632484436 4
1710869601699 0.7722481489181519 4
1710869603601 0.7184005975723267 4
1710869605481 0.6662019491195679 4
1710869607381 0.681557297706604 4
1710869609291 0.6984326839447021 4
1710869611183 0.7536687850952148 4
1710869613082 0.8305714726448059 4
1710869614979 0.6909124851226807 4
1710869616861 0.6509629487991333 4
1710869618785 0.7244110107421875 4
1710869620683 0.6515436172485352 4
1710869622583 0.6724947690963745 4
1710869624487 0.7149759531021118 4
1710869626380 0.7194409370422363 4
1710869628274 0.7016125917434692 4
1710869630161 0.7290617227554321 4
1710869632056 0.7180783748626709 4
1710869633962 0.6972914338111877 4
1710869635848 0.7505683898925781 4
1710869637747 0.7059922218322754 4
1710869639640 0.7529283761978149 4
1710869641546 0.7541861534118652 4
1710869643450 0.7646737694740295 4
1710869645339 0.7492741346359253 4
1710869647243 0.7215538620948792 4
1710869649134 0.6816397309303284 4
1710869651047 0.6739022731781006 4
1710869652924 0.7304046154022217 4
1710869654853 0.7835436463356018 4
1710869656740 0.7349649667739868 4
1710869658659 0.7337509393692017 4
1710869660557 0.6745002269744873 4
1710869662461 0.679855465888977 4
1710869664375 0.7800935506820679 4
1710869666282 0.7057046890258789 4
1710869668169 0.756381630897522 4
1710869670049 0.7254613041877747 4
1710869671972 0.6687835454940796 4
1710869673883 0.695349931716919 4
1710869675767 0.7547107934951782 4
1710869677697 0.725657045841217 4
1710869679594 0.6788688898086548 4
1710869681522 0.6312481760978699 4
1710869683412 0.7297704219818115 4
1710869685317 0.708743691444397 4
1710869687211 0.6915813088417053 4
1710869689131 0.7696678638458252 4
1710869691053 0.7143837213516235 4
1710869692949 0.7296063899993896 4
1710869694855 0.7013802528381348 4
1710869696759 0.7940125465393066 4
1710869698669 0.7812324166297913 4
1710869700556 0.7622061371803284 4
1710869702433 0.7279666662216187 4
1710869704322 0.7375614643096924 4
1710869706202 0.6737293004989624 4
1710869708144 0.7129436731338501 4
1710869710059 0.7389092445373535 4
1710869711967 0.6675181984901428 4
1710869713882 0.719150960445404 4
1710869715802 0.7145360708236694 4
1710869717732 0.7790875434875488 4
1710869719639 0.8201997876167297 4
1710869721536 0.7260886430740356 4
1710869723439 0.7555146217346191 4
1710869725340 0.7495261430740356 4
1710869727247 0.711149275302887 4
1710869729146 0.6826444864273071 4
1710869731045 0.7415128946304321 4
1710869732954 0.7552175521850586 4
1710869734845 0.7419708967208862 4
1710869736722 0.7040849328041077 4
1710869738641 0.8063201904296875 4
1710869740534 0.6996616125106812 4
1710869742436 0.6822347044944763 4
1710869744311 0.7036423087120056 4
1710869746235 0.8624962568283081 4
1710869748128 0.6863105297088623 4
1710869750030 0.6973801851272583 4
1710869751944 0.7308424711227417 4
1710869753867 0.7324447631835938 4
1710869755757 0.7368530631065369 4
1710869757691 0.7304388284683228 4
1710869759579 0.714551568031311 4
1710869761456 0.7462477684020996 4
1710869763364 0.7985522747039795 4
1710869765266 0.7352613806724548 4
1710869767163 0.7332226037979126 4
1710869769070 0.7283632755279541 4
1710869770953 0.6398829221725464 4
1710869772867 0.5801376104354858 4
1710869774756 0.7756156921386719 4
1710869776662 0.7042604684829712 4
1710869778579 0.7202595472335815 4
1710869780460 0.7417279481887817 4
1710869782384 0.6324617266654968 4
1710869784280 0.7135745882987976 4
1710869786181 0.7635735273361206 4
1710869788079 0.7043793201446533 4
1710869789985 0.6579509973526001 4
1710869791885 0.7381560802459717 4
1710869793806 0.6646356582641602 4
1710869795712 0.7229670286178589 4
1710869797607 0.6760638356208801 4
1710869799510 0.6995595693588257 4
1710869801410 0.7450342178344727 4
1710869803313 0.7824848890304565 4
1710869805217 0.7395145893096924 4
1710869807103 0.7361081838607788 4
1710869809021 0.7652824521064758 4
1710869810883 0.7797902822494507 4
1710869812816 0.6544467210769653 4
1710869814695 0.7473440170288086 4
1710869816600 0.6935899257659912 4
1710869818496 0.7869948148727417 4
1710869820417 0.7799728512763977 4
1710869822312 0.694852352142334 4
1710869824222 0.7036570310592651 4
1710869826130 0.6934114694595337 4
1710869828016 0.7759509086608887 4
1710869829929 0.7576374411582947 4
1710869831819 0.7517350912094116 4
1710869833706 0.6725285053253174 4
1710869835631 0.743013858795166 4
1710869837584 0.7467528581619263 4
1710869839474 0.7508464455604553 4
1710869841388 0.756423830986023 4
1710869843278 0.6675365567207336 4
1710869845168 0.6802082061767578 4
1710869847063 0.7537368535995483 4
1710869848961 0.788151741027832 4
1710869850853 0.675482988357544 4
1710869852727 0.7357468605041504 4
1710869854629 0.7892553210258484 4
1710869856540 0.697995662689209 4
1710869858451 0.7061145305633545 4
1710869860363 0.7097288370132446 4
1710869862265 0.8619582056999207 4
1710869864161 0.7496784925460815 4
1710869866076 0.6702724695205688 4
1710869868435 0.6395980715751648 4
1710869870317 0.7724864482879639 4
1710869872247 0.7144544124603271 4
1710869874131 0.7294367551803589 4
1710869876037 0.7521941661834717 4
1710869877933 0.6739205121994019 4
1710869879854 0.6887883543968201 4
1710869881770 0.7413287162780762 4
1710869883664 0.7191022038459778 4
1710869885572 0.7332131862640381 4
1710869887488 0.7904646396636963 4
1710869889390 0.7028927803039551 4
1710869891298 0.7291065454483032 4
1710869893195 0.7679070830345154 4
1710869895087 0.6928317546844482 4
1710869897015 0.7061883807182312 4
1710869898944 0.66559237241745 4
1710869900877 0.6954048275947571 4
1710869902800 0.7107177972793579 4
1710869904718 0.7476109862327576 4
1710869906612 0.7867413759231567 4
1710869908501 0.7451929450035095 4
1710869910407 0.7675054669380188 4
1710869912324 0.7035034894943237 4
1710869914258 0.7850846648216248 4
1710869916153 0.8165342211723328 4
1710869918037 0.7166216969490051 4
1710869919945 0.6437448263168335 4
1710869921880 0.7499383687973022 4
1710869923780 0.740373432636261 4
1710869925652 0.763282299041748 4
1710869927568 0.6692274808883667 4
1710869929459 0.7936753034591675 4
1710869931327 0.7379081845283508 4
1710869933255 0.6924119591712952 4
1710869935142 0.7067822217941284 4
1710869937056 0.7303590774536133 4
1710869938975 0.7199873924255371 4
1710869940894 0.7735753059387207 4
1710869942773 0.7727785110473633 4
1710869944645 0.7616250514984131 4
1710869946577 0.7511719465255737 4
1710869948499 0.6985496282577515 4
1710869950405 0.6442203521728516 4
1710869952308 0.7366488575935364 4
1710869954206 0.7951197624206543 4
1710869956091 0.6733559966087341 4
1710869958011 0.6156876087188721 4
1710869959927 0.7144345045089722 4
1710869961849 0.7229646444320679 4
1710869963753 0.7569698691368103 4
1710869965667 0.6888155341148376 4
1710869967557 0.7264055013656616 4
1710869969481 0.700758695602417 4
1710869971385 0.6192295551300049 4
1710869973311 0.6840258836746216 4
1710869975214 0.752595841884613 4
1710869977122 0.7102957963943481 4
1710869979043 0.859754204750061 4
1710869980951 0.7152645587921143 4
1710869982848 0.7757472991943359 4
1710869984748 0.7126680612564087 4
1710869986661 0.7660982608795166 4
1710869988593 0.7547531723976135 4
1710869990503 0.6891050934791565 4
1710869992412 0.7126514911651611 4
1710869994344 0.7335565090179443 4
1710869996254 0.8110806941986084 4
1710869998154 0.6810615658760071 4
1710870000074 0.7469452619552612 4
1710870001956 0.6471359729766846 4
1710870003888 0.6633983850479126 4
1710870005802 0.8031723499298096 4
1710870007726 0.6797649264335632 4
1710870009651 0.7605941295623779 4
1710870011563 0.702728807926178 4
1710870013484 0.7759073972702026 4
1710870015407 0.6904528141021729 4
1710870017321 0.6862556338310242 4
1710870019246 0.6953014731407166 4
1710870021170 0.7002771496772766 4
1710870023075 0.736403226852417 4
1710870024980 0.7827568650245667 4
1710870026899 0.6980239152908325 4
1710870028821 0.7042070627212524 4
1710870030751 0.7178604602813721 4
1710870032633 0.7828179597854614 4
1710870034555 0.6980499029159546 4
1710870036466 0.7389047145843506 4
1710870038372 0.752741813659668 4
1710870040276 0.6656090617179871 4
1710870042162 0.7327657341957092 4
1710870044359 0.6906682252883911 4
1710870046271 0.7746948003768921 4
1710870048176 0.8524923920631409 4
1710870050099 0.7246668338775635 4
1710870052022 0.7344014644622803 4
1710870053918 0.7642716765403748 4
1710870055826 0.7395914793014526 4
1710870057741 0.6821990013122559 4
1710870059660 0.6271899342536926 4
1710870061553 0.7806680798530579 4
1710870063462 0.7324325442314148 4
1710870065361 0.7368366122245789 4
1710870067262 0.6688632369041443 4
1710870069151 0.7476426362991333 4
1710870071069 0.7402332425117493 4
1710870072981 0.6720011234283447 4
1710870074885 0.7094613313674927 4
1710870076807 0.8104398846626282 4
1710870078722 0.7324934005737305 4
1710870080630 0.7293221950531006 4
1710870082531 0.7465262413024902 4
1710870084442 0.6810936331748962 4
1710870086352 0.756926417350769 4
1710870088273 0.7039425373077393 4
1710870090160 0.7477848529815674 4
1710870092060 0.7507967948913574 4
1710870093972 0.6269318461418152 4
1710870095904 0.6767802834510803 4
1710870097820 0.7176405787467957 4
1710870099688 0.7511030435562134 4
1710870101638 0.7364169359207153 4
1710870103563 0.6686519384384155 4
1710870105470 0.712797224521637 4
1710870107378 0.6737163662910461 4
1710870109308 0.6708545684814453 4
1710870111219 0.7442339658737183 4
1710870113118 0.6767521500587463 4
1710870115042 0.7025036811828613 4
1710870116967 0.709042489528656 4
1710870118881 0.7035553455352783 4
1710870120784 0.6497156620025635 4
1710870122686 0.7205535173416138 4
1710870124603 0.7173730731010437 4
1710870126507 0.6847163438796997 4
1710870128422 0.7497363686561584 4
1710870130338 0.7413238286972046 4
1710870132222 0.710105836391449 4
1710870134125 0.7095350027084351 4
1710870136017 0.7094796895980835 4
1710870137941 0.6845400929450989 4
1710870139848 0.7448102831840515 4
1710870141760 0.7191786766052246 4
1710870143691 0.7146271467208862 4
1710870145613 0.7362730503082275 4
1710870147530 0.8007649183273315 4
1710870149443 0.6993311643600464 4
1710870151360 0.7529035806655884 4
1710870153266 0.8227301239967346 4
1710870155173 0.6665725111961365 4
1710870157107 0.7830246686935425 4
1710870159011 0.6671284437179565 4
1710870160901 0.721366822719574 4
1710870163184 0.7113840579986572 4
1710870165074 0.6599689722061157 4
1710870167011 0.7016208171844482 4
1710870168952 0.6639302968978882 4
1710870170862 0.7665237188339233 4
1710870172784 0.729031503200531 4
1710870174713 0.6634999513626099 4
1710870176617 0.6582838892936707 4
1710870178507 0.776103138923645 4
1710870180421 0.7686283588409424 4
1710870182329 0.7649325132369995 4
1710870184224 0.7433050870895386 4
1710870186138 0.7129477262496948 4
1710870188048 0.7026190757751465 4
1710870189949 0.8156939744949341 4
1710870191831 0.6725715398788452 4
1710870193752 0.6814498901367188 4
1710870195665 0.748840868473053 4
1710870197605 0.6960424184799194 4
1710870199517 0.6528586149215698 4
1710870201454 0.7594002485275269 4
1710870203384 0.7098246812820435 4
1710870205280 0.6715528964996338 4
1710870207191 0.6680539846420288 4
1710870209100 0.7172837257385254 4
1710870211010 0.7861192226409912 4
1710870212920 0.7477680444717407 4
1710870214829 0.7680549025535583 4
1710870216738 0.6890342235565186 4
1710870218642 0.7144278287887573 4
1710870220539 0.6542106866836548 4
1710870222438 0.778917670249939 4
1710870224346 0.6864884495735168 4
1710870226277 0.7605375647544861 4
1710870228180 0.7985328435897827 4
1710870230102 0.6907989978790283 4
1710870231984 0.7194058895111084 4
1710870233888 0.6396564245223999 4
1710870235790 0.7972449660301208 4
1710870237715 0.676559567451477 4
1710870239641 0.7227358222007751 4
1710870241558 0.7872327566146851 4
1710870243452 0.790406346321106 4
1710870245365 0.687484085559845 4
1710870247244 0.7086363434791565 4
1710870249174 0.7457539439201355 4
1710870251047 0.7205898761749268 4
1710870252960 0.7823543548583984 4
1710870254871 0.7303356528282166 4
1710870256786 0.7642966508865356 4
1710870258693 0.6864752173423767 4
1710870260622 0.8092413544654846 4
1710870262514 0.7053772211074829 4
1710870264392 0.7454447150230408 4
1710870266290 0.6134045124053955 4
1710870268188 0.7450382113456726 4
1710870270089 0.7201255559921265 4
1710870271993 0.7042442560195923 4
1710870273894 0.7096429467201233 4
1710870275801 0.663815438747406 4
1710870277695 0.6622292399406433 4
1710870279604 0.7588909864425659 4
1710870281523 0.7122304439544678 4
1710870283453 0.7461565732955933 4
1710870285359 0.7034426927566528 4
1710870287267 0.6998801231384277 4
1710870289171 0.7289232015609741 4
1710870291068 0.7236711978912354 4
1710870292999 0.7307000160217285 4
1710870294908 0.7239251136779785 4
1710870296829 0.7831981182098389 4
1710870298750 0.7521741986274719 4
1710870300673 0.7488387823104858 4
1710870302593 0.8142184019088745 4
1710870304503 0.7353270649909973 4
1710870306408 0.6697672605514526 4
1710870308329 0.7798036932945251 4
1710870310240 0.7252048254013062 4
1710870312146 0.6736732125282288 4
1710870314040 0.7115045785903931 4
1710870315925 0.8408056497573853 4
1710870317853 0.6528235673904419 4
1710870319741 0.7748972177505493 4
1710870321686 0.7629841566085815 4
1710870323615 0.76728355884552 4
1710870325527 0.7422542572021484 4
1710870327436 0.685141921043396 4
1710870329339 0.6613432168960571 4
1710870331206 0.6460279822349548 4
1710870333128 0.6895100474357605 4
1710870335034 0.7074935436248779 4
1710870336938 0.6810672879219055 4
1710870338843 0.6315070390701294 4
1710870340760 0.7649281620979309 4
1710870342695 0.7986807227134705 4
1710870344632 0.675113320350647 4
1710870346543 0.7254422903060913 4
1710870348467 0.6967434287071228 4
1710870350376 0.7754319906234741 4
1710870352264 0.7858282923698425 4
1710870354198 0.6993398070335388 4
1710870356100 0.7007863521575928 4
1710870358000 0.7185529470443726 4
1710870359887 0.6768800616264343 4
1710870361799 0.6996086835861206 4
1710870363706 0.681236743927002 4
1710870365610 0.7259002923965454 4
1710870367535 0.662646472454071 4
1710870369421 0.7407388687133789 4
1710870371349 0.7237635850906372 4
1710870373264 0.7659875154495239 4
1710870375150 0.7025043368339539 4
1710870377042 0.6678377389907837 4
1710870378967 0.7512369155883789 4
1710870380880 0.7515785694122314 4
1710870382801 0.7554532885551453 4
1710870384708 0.6850693225860596 4
1710870386607 0.833611011505127 4
1710870388505 0.7777543663978577 4
1710870390413 0.6874164342880249 4
1710870392320 0.7308883666992188 4
1710870394238 0.7046583890914917 4
1710870396154 0.7028313875198364 4
1710870398074 0.7297244071960449 4
1710870399959 0.7060209512710571 4
1710870401849 0.7907963395118713 4
1710870403741 0.7252109050750732 4
1710870405653 0.7688673734664917 4
1710870407515 0.7424411773681641 4
1710870409456 0.712555468082428 4
1710870411372 0.7047088146209717 4
1710870413268 0.656091570854187 4
1710870415194 0.7950148582458496 4
1710870417117 0.7004100680351257 4
1710870419051 0.656244695186615 4
1710870420975 0.7520387768745422 4
1710870422896 0.7482619881629944 4
1710870424794 0.7622458934783936 4
1710870426992 0.7431497573852539 4
1710870428905 0.7622891068458557 4
1710870430786 0.6862903237342834 4
1710870432701 0.7066596150398254 4
1710870434607 0.6855286955833435 4
1710870436528 0.7967689037322998 4
1710870438427 0.6606141328811646 4
1710870440319 0.7669651508331299 4
1710870442240 0.8033791184425354 4
1710870444158 0.7563657760620117 4
1710870446060 0.7952696084976196 4
1710870447988 0.7505443692207336 4
1710870449892 0.6756035089492798 4
1710870451802 0.7712007164955139 4
1710870453716 0.7526885867118835 4
1710870455645 0.6811028122901917 4
1710870457550 0.7415298223495483 4
1710870459460 0.7812635898590088 4
1710870461371 0.7367182374000549 4
1710870463269 0.6358316540718079 4
1710870465446 0.7322275638580322 4
1710870467356 0.7984718084335327 4
1710870469272 0.7610757946968079 4
1710870471174 0.7307084798812866 4
1710870473080 0.7260861992835999 4
1710870474995 0.7248036861419678 4
1710870476880 0.7457729578018188 4
1710870478795 0.6708466410636902 4
1710870480702 0.7226595282554626 4
1710870482613 0.6914823055267334 4
1710870484524 0.7806986570358276 4
1710870486425 0.8104989528656006 4
1710870488341 0.6682475209236145 4
1710870490262 0.7162209749221802 4
1710870492169 0.7158352136611938 4
1710870494075 0.7338504791259766 4
1710870495987 0.7038425207138062 4
1710870497893 0.7523616552352905 4
1710870499777 0.7574701905250549 4
1710870501699 0.6438660025596619 4
1710870503607 0.7437570095062256 4
1710870505533 0.7261171340942383 4
1710870507442 0.7092944979667664 4
1710870509354 0.7242106795310974 4
1710870511262 0.6948611736297607 4
1710870513158 0.8059139847755432 4
1710870515048 0.7772265672683716 4
1710870516953 0.7987337112426758 4
1710870518863 0.790325403213501 4
1710870520780 0.7118045687675476 4
1710870522690 0.7224675416946411 4
1710870524600 0.7519155144691467 4
1710870526480 0.8170759081840515 4
1710870528421 0.7057114839553833 4
1710870530346 0.6963886022567749 4
1710870532274 0.7685855627059937 4
1710870534200 0.7642761468887329 4
1710870536113 0.7583475112915039 4
1710870538023 0.7032856345176697 4
1710870539941 0.6998222470283508 4
1710870541859 0.7403334975242615 4
1710870543798 0.7940590381622314 4
1710870545727 0.8097703456878662 4
1710870547625 0.7341343760490417 4
1710870549535 0.7062722444534302 4
1710870551442 0.7267307043075562 4
1710870553372 0.7213816046714783 4
1710870555295 0.7449251413345337 4
1710870557189 0.7377892136573792 4
1710870559082 0.8086962103843689 4
1710870561005 0.7125232815742493 4
1710870562906 0.7270888686180115 4
1710870564802 0.6144543290138245 4
1710870566697 0.7401480674743652 4
1710870568587 0.8588200807571411 4
1710870570489 0.7097530364990234 4
1710870572372 0.7110567092895508 4
1710870574281 0.7343819737434387 4
1710870576169 0.7784373760223389 4
1710870578086 0.6978541016578674 4
1710870579974 0.7869461178779602 4
1710870581847 0.6778846979141235 4
1710870583764 0.652666449546814 4
1710870585663 0.6843494176864624 4
1710870587542 0.6696401834487915 4
1710870589433 0.7971674203872681 4
1710870591349 0.7483265399932861 4
1710870593254 0.6531476974487305 4
1710870595132 0.7780849933624268 4
1710870597036 0.6375945210456848 4
1710870598941 0.7427207231521606 4
1710870600838 0.682521402835846 4
1710870602735 0.7157713770866394 4
1710870604622 0.6883499622344971 4
1710870606516 0.7064501047134399 4
1710870608402 0.8194594383239746 4
1710870610284 0.724835216999054 4
1710870612193 0.7892075777053833 4
1710870614085 0.7516746520996094 4
1710870615985 0.7240908145904541 4
1710870617880 0.826839804649353 4
1710870619753 0.7356666326522827 4
1710870621653 0.6705690026283264 4
1710870623530 0.6577142477035522 4
1710870625442 0.6802685260772705 4
1710870627346 0.6951252222061157 4
1710870629261 0.7041422724723816 4
1710870631156 0.7717908024787903 4
1710870633050 0.8194277286529541 4
1710870634940 0.7387129068374634 4
1710870636842 0.7177325487136841 4
1710870638746 0.7955406904220581 4
1710870640627 0.7095085978507996 4
1710870642527 0.7390997409820557 4
1710870644418 0.762824535369873 4
1710870646316 0.689789891242981 4
1710870648502 0.6946032643318176 4
1710870650416 0.7640944719314575 4
1710870652309 0.690949559211731 4
1710870654170 0.6681636571884155 4
1710870656072 0.6169029474258423 4
1710870657977 0.7362804412841797 4
1710870659877 0.7845047116279602 4
1710870661765 0.6984214782714844 4
1710870663658 0.7883638739585876 4
1710870665557 0.7175706028938293 4
1710870667488 0.7512586116790771 4
1710870669391 0.6949640512466431 4
1710870671283 0.6543286442756653 4
1710870673184 0.6578367352485657 4
1710870675060 0.7569262981414795 4
1710870676953 0.7374428510665894 4
1710870678833 0.7232939004898071 4
1710870680703 0.7850481271743774 4
1710870682593 0.6727185249328613 4
1710870684457 0.6610535383224487 4
1710870686362 0.8083292245864868 4
1710870688273 0.6955054998397827 4
1710870690162 0.6318066716194153 4
1710870692067 0.7365540266036987 4
1710870693969 0.7232860326766968 4
1710870695868 0.739712655544281 4
1710870697775 0.6654007434844971 4
1710870699672 0.7294411659240723 4
1710870701559 0.6805187463760376 4
1710870703435 0.7135372161865234 4
1710870705335 0.6329843997955322 4
1710870707227 0.7192152738571167 4
1710870709117 0.7530138492584229 4
1710870711006 0.645805835723877 4
1710870712912 0.7798303365707397 4
1710870714822 0.7301745414733887 4
1710870716732 0.7319818735122681 4
1710870718608 0.6977702379226685 4
1710870720488 0.8375132083892822 4
1710870722397 0.7012608051300049 4
1710870724294 0.6818618178367615 4
1710870726212 0.7453508377075195 4
1710870728100 0.6968368291854858 4
1710870730006 0.8004896640777588 4
1710870731893 0.6957752704620361 4
1710870733794 0.7551413774490356 4
1710870735704 0.7532801032066345 4
1710870737577 0.797207236289978 4
1710870739472 0.7172259092330933 4
1710870741382 0.7792451977729797 4
1710870743259 0.775685727596283 4
1710870745139 0.6857160329818726 4
1710870747027 0.6636074781417847 4
1710870748920 0.7770133018493652 4
1710870750812 0.7469307780265808 4
1710870752695 0.6476597189903259 4
1710870754597 0.7273245453834534 4
1710870756526 0.769097089767456 4
1710870758415 0.715003490447998 4
1710870760303 0.7252491116523743 4
1710870762199 0.7567083835601807 4
1710870764079 0.7033894062042236 4
1710870765971 0.707573413848877 4
1710870767866 0.7506216764450073 4
1710870769762 0.8164536952972412 4
1710870771653 0.8125624060630798 4
1710870773546 0.7822023630142212 4
1710870775449 0.7486412525177002 4
1710870777342 0.7149221897125244 4
1710870779223 0.7327556610107422 4
1710870781130 0.6844569444656372 4
1710870782995 0.7396159172058105 4
1710870784906 0.7533278465270996 4
1710870786797 0.6918720006942749 4
1710870788700 0.750790536403656 4
1710870790608 0.7026697397232056 4
1710870792801 0.7769174575805664 4
1710870794714 0.6920503377914429 4
1710870796598 0.7188155651092529 4
1710870798471 0.6867249011993408 4
1710870800358 0.7362825870513916 4
1710870802252 0.7698156833648682 4
1710870804129 0.7470513582229614 4
1710870806034 0.7101998925209045 4
1710870807936 0.7198752760887146 4
1710870809838 0.7007328867912292 4
1710870811733 0.6834769248962402 4
1710870813618 0.7625316381454468 4
1710870815498 0.712167501449585 4
1710870817390 0.7175807952880859 4
1710870819297 0.6906091570854187 4
1710870821200 0.6920879483222961 4
1710870823120 0.7008963823318481 4
1710870824978 0.7108144164085388 4
1710870826898 0.797933042049408 4
1710870828792 0.7419170141220093 4
1710870830686 0.7205637693405151 4
1710870832579 0.7069543600082397 4
1710870834490 0.7629250884056091 4
1710870836386 0.7251358032226562 4
1710870838282 0.7598068714141846 4
1710870840167 0.6582843065261841 4
1710870842073 0.6365604400634766 4
1710870843983 0.6852911114692688 4
1710870845832 0.6663265228271484 4
1710870847755 0.6936752200126648 4
1710870849658 0.7716051340103149 4
1710870851554 0.7655858993530273 4
1710870853432 0.7137197256088257 4
1710870855338 0.7159644961357117 4
1710870857226 0.7289208769798279 4
1710870859135 0.7059213519096375 4
1710870861033 0.6494505405426025 4
1710870862902 0.7980715036392212 4
1710870864791 0.778296947479248 4
1710870866711 0.7199627161026001 4
1710870868902 0.6949244737625122 4
1710870870784 0.7347602844238281 4
1710870872692 0.677253246307373 4
1710870874598 0.7162486910820007 4
1710870876494 0.7468470931053162 4
1710870878397 0.7877515554428101 4
1710870880290 0.6796531677246094 4
1710870882163 0.7713355422019958 4
1710870884067 0.7707886695861816 4
1710870885992 0.6987351179122925 4
1710870887869 0.6854473352432251 4
1710870889779 0.7640384435653687 4
1710870891658 0.7417856454849243 4
1710870893563 0.727562665939331 4
1710870895432 0.8244553208351135 4
1710870897298 0.812654972076416 4
1710870899202 0.7815660238265991 4
1710870901115 0.7356038689613342 4
1710870902987 0.6852438449859619 4
1710870904872 0.78276526927948 4
1710870906747 0.8059000968933105 4
1710870908633 0.726707398891449 4
1710870910533 0.8038712739944458 4
1710870912425 0.7400813102722168 4
1710870914305 0.6995589733123779 4
1710870916207 0.7407890558242798 4
1710870918073 0.6896064877510071 4
1710870919953 0.6416687965393066 4
1710870921868 0.7406978607177734 4
1710870923746 0.6879216432571411 4
1710870925639 0.7075274586677551 4
1710870927523 0.7933785915374756 4
1710870929402 0.7704986333847046 4
1710870931320 0.6863832473754883 4
1710870933202 0.6537656784057617 4
1710870935096 0.7104381322860718 4
1710870937013 0.6856225728988647 4
1710870938890 0.6709129810333252 4
1710870940769 0.8327389359474182 4
1710870942676 0.6971936821937561 4
1710870944560 0.670393705368042 4
1710870946460 0.6704320907592773 4
1710870948343 0.7526384592056274 4
1710870950253 0.7399582266807556 4
1710870952143 0.7008218765258789 4
1710870954050 0.7339228391647339 4
1710870955907 0.7513378858566284 4
1710870957806 0.6926745176315308 4
1710870959690 0.7100515961647034 4
1710870961636 0.6948140263557434 4
1710870963512 0.6381098031997681 4
1710870965397 0.7050493955612183 4
1710870967297 0.6780759692192078 4
1710870969207 0.7489515542984009 4
1710870971108 0.7353523969650269 4
1710870972979 0.703964114189148 4
1710870974854 0.7555045485496521 4
1710870976747 0.7445946931838989 4
1710870978644 0.7632015943527222 4
1710870980538 0.7062108516693115 4
1710870982448 0.8144409656524658 4
1710870984339 0.6922926902770996 4
1710870986253 0.6925462484359741 4
1710870988164 0.7929668426513672 4
1710870990093 0.6762493848800659 4
1710870992001 0.7632797956466675 4
1710870993910 0.6814835071563721 4
1710870995807 0.6913979053497314 4
1710870997726 0.728882908821106 4
1710870999617 0.712727427482605 4
1710871001522 0.8010663986206055 4
1710871003420 0.7618128061294556 4
1710871005305 0.7486603260040283 4
1710871007204 0.7139428853988647 4
1710871009098 0.8048792481422424 4
1710871010974 0.7828476428985596 4
1710871012870 0.746297299861908 4
1710871014758 0.6509755253791809 4
1710871016628 0.7826415300369263 4
1710871018495 0.7385976910591125 4
1710871020392 0.6111186742782593 4
1710871022262 0.7067384719848633 4
1710871024147 0.6799167990684509 4
1710871026056 0.7674614191055298 4
1710871027933 0.7501184344291687 4
1710871029802 0.6837540864944458 4
1710871031718 0.7376210689544678 4
1710871033606 0.6637781858444214 4
1710871035511 0.738516092300415 4
1710871037386 0.6938306093215942 4
1710871039285 0.6713204383850098 4
1710871041179 0.7011125087738037 4
1710871043082 0.6458802223205566 4
1710871044983 0.7080550789833069 4
1710871046872 0.6997557878494263 4
1710871048757 0.764045000076294 4
1710871050667 0.6986956596374512 4
1710871052562 0.7015423774719238 4
1710871054428 0.760004460811615 4
1710871056334 0.7241736650466919 4
1710871058228 0.6978278160095215 4
1710871060085 0.6277904510498047 4
1710871062001 0.7116976976394653 4
1710871063895 0.7425087690353394 4
1710871065790 0.7364557981491089 4
1710871067687 0.7074728012084961 4
1710871069565 0.7420647144317627 4
1710871071487 0.6920797824859619 4
1710871073368 0.7249345183372498 4
1710871075275 0.7520914673805237 4
1710871077201 0.7307837009429932 4
1710871079093 0.7067573666572571 4
1710871080993 0.7493786811828613 4
1710871082905 0.7842065095901489 4
1710871084782 0.799881100654602 4
1710871086705 0.7767789363861084 4
1710871088878 0.7207932472229004 4
1710871090773 0.7116300463676453 4
1710871092687 0.7838296294212341 4
1710871094590 0.7085056304931641 4
1710871096478 0.778436005115509 4
1710871098335 0.7417640686035156 4
1710871100240 0.6826058030128479 4
1710871102123 0.7037559747695923 4
1710871104009 0.6602223515510559 4
1710871105924 0.7034358382225037 4
1710871107818 0.66849684715271 4
1710871109711 0.7234396934509277 4
1710871111665 0.823039710521698 4
1710871113540 0.7295383810997009 4
1710871115445 0.8157044649124146 4
1710871117332 0.7278286218643188 4
1710871119515 0.6686815619468689 4
1710871121442 0.7253725528717041 4
1710871123340 0.717095136642456 4
1710871125256 0.7085987329483032 4
1710871127157 0.7308642864227295 4
1710871129058 0.7478756904602051 4
1710871130954 0.7304601669311523 4
1710871132842 0.6357084512710571 4
1710871134735 0.7525367736816406 4
1710871136618 0.6677220463752747 4
1710871138495 0.7527478933334351 4
1710871140381 0.722321629524231 4
1710871142263 0.6910210847854614 4
1710871144166 0.6927086114883423 4
1710871146057 0.6881582736968994 4
1710871147933 0.7833456993103027 4
1710871149809 0.7310208082199097 4
1710871151702 0.6916618347167969 4
1710871153585 0.7346311211585999 4
1710871155492 0.6648586988449097 4
1710871157378 0.7242405414581299 4
1710871159254 0.7015319466590881 4
1710871161166 0.7336100339889526 4
1710871163053 0.6342940330505371 4
1710871164963 0.7957354784011841 4
1710871166844 0.7411039471626282 4
1710871168731 0.6753761768341064 4
1710871170643 0.7085906267166138 4
1710871172498 0.7458032965660095 4
1710871174412 0.7366036176681519 4
1710871176292 0.6867893934249878 4
1710871178200 0.6870989799499512 4
1710871180086 0.7714622616767883 4
1710871181974 0.6853580474853516 4
1710871183857 0.7356628179550171 4
1710871185741 0.6589953303337097 4
1710871187639 0.6617129445075989 4
1710871189573 0.6861117482185364 4
1710871191458 0.6851460337638855 4
1710871193334 0.760678768157959 4
1710871195228 0.7793376445770264 4
1710871197120 0.7484064698219299 4
1710871199016 0.7194474935531616 4
1710871200900 0.8739975094795227 4
1710871202789 0.6791130304336548 4
1710871204682 0.6987437009811401 4
1710871206588 0.7654705047607422 4
1710871208473 0.7460780739784241 4
1710871210387 0.7342676520347595 4
1710871212280 0.6617804765701294 4
1710871214180 0.651808500289917 4
1710871216082 0.6741212606430054 4
1710871217960 0.7023117542266846 4
1710871219844 0.6376031041145325 4
1710871221782 0.6751930713653564 4
1710871223668 0.6774123907089233 4
1710871225566 0.7271871566772461 4
1710871227461 0.7514264583587646 4
1710871229369 0.6581783294677734 4
1710871231272 0.7598191499710083 4
1710871233171 0.8446696996688843 4
1710871235061 0.7289257049560547 4
1710871236955 0.7407317161560059 4
1710871238844 0.7483564615249634 4
1710871240726 0.8024966716766357 4
1710871242633 0.7060096263885498 4
1710871244544 0.6714896559715271 4
1710871246454 0.7990372776985168 4
1710871248334 0.6861359477043152 4
1710871250222 0.7880386710166931 4
1710871252133 0.7580244541168213 4
1710871254028 0.7269517183303833 4
1710871255905 0.7139226794242859 4
1710871257786 0.7256721258163452 4
1710871259687 0.7365132570266724 4
1710871261597 0.7155805826187134 4
1710871263493 0.7307587265968323 4
1710871265397 0.7015733122825623 4
1710871267299 0.6316391825675964 4
1710871269213 0.7365837097167969 4
1710871271095 0.7956118583679199 4
1710871272988 0.6657446622848511 4
1710871274894 0.695366621017456 4
1710871276773 0.6493216753005981 4
1710871278678 0.6754416227340698 4
1710871280565 0.7241901755332947 4
1710871282441 0.7937005758285522 4
1710871284313 0.6921441555023193 4
1710871286190 0.7187148332595825 4
1710871288064 0.7422212362289429 4
1710871289997 0.7036020755767822 4
1710871291897 0.7595779895782471 4
1710871293802 0.7098451852798462 4
1710871295714 0.6999825835227966 4
1710871297608 0.6600603461265564 4
1710871299498 0.7203826904296875 4
1710871301395 0.7606288194656372 4
1710871303267 0.7079274654388428 4
1710871305173 0.6882021427154541 4
1710871307081 0.7555989027023315 4
1710871309241 0.7207691669464111 4
1710871311166 0.6894491910934448 4
1710871313079 0.6672184467315674 4
1710871314951 0.7137982249259949 4
1710871316831 0.6054723262786865 4
1710871318704 0.7847707271575928 4
1710871320590 0.7066315412521362 4
1710871322501 0.6924389600753784 4
1710871324386 0.6833838820457458 4
1710871326270 0.7917618751525879 4
1710871328155 0.7524935007095337 4
1710871330074 0.6605539321899414 4
1710871331974 0.6584283113479614 4
1710871333873 0.6830549836158752 4
1710871335765 0.7019429206848145 4
1710871337675 0.676306962966919 4
1710871339569 0.8003849983215332 4
1710871341463 0.722980797290802 4
1710871343386 0.6830847263336182 4
1710871345261 0.831702470779419 4
1710871347150 0.7623515129089355 4
1710871349056 0.6929091811180115 4
1710871350929 0.7497377991676331 4
1710871352858 0.6685611009597778 4
1710871354763 0.7056877613067627 4
1710871356654 0.7079655528068542 4
1710871358558 0.7741228938102722 4
1710871360456 0.7204598188400269 4
1710871362343 0.7247519493103027 4
1710871364259 0.7512234449386597 4
1710871366147 0.7032849788665771 4
1710871368026 0.7475020885467529 4
1710871369932 0.7406724691390991 4
1710871371826 0.691440224647522 4
1710871373740 0.7529906630516052 4
1710871375617 0.5746500492095947 4
1710871377506 0.711671769618988 4
1710871379408 0.762840747833252 4
1710871381297 0.7468355894088745 4
1710871383181 0.6875139474868774 4
1710871385083 0.666458785533905 4
1710871386984 0.7473318576812744 4
1710871388890 0.7290960550308228 4
1710871390777 0.717771053314209 4
1710871392657 0.7137244939804077 4
1710871394553 0.7027819752693176 4
1710871396437 0.7811002731323242 4
1710871398314 0.7070736885070801 4
1710871400212 0.6313180923461914 4
1710871402107 0.6987471580505371 4
1710871403998 0.6898362636566162 4
1710871405890 0.7233735918998718 4
1710871407797 0.678855836391449 4
1710871409708 0.685139536857605 4
1710871411577 0.6976627111434937 4
1710871413486 0.664003849029541 4
1710871415364 0.6624295711517334 4
1710871417261 0.7309607267379761 4
1710871419139 0.7217497229576111 4
1710871421018 0.6928699016571045 4
1710871422916 0.7444592714309692 4
1710871424807 0.7642347812652588 4
1710871426703 0.7209613919258118 4
1710871428598 0.8128409385681152 4
1710871430473 0.7007426023483276 4
1710871432358 0.6964879631996155 4
1710871434283 0.7020010948181152 4
1710871436160 0.7231377363204956 4
1710871438038 0.7975181341171265 4
1710871439915 0.671867847442627 4
1710871441838 0.7473199963569641 4
1710871443747 0.7982831001281738 4
1710871445885 0.7351667284965515 4
1710871447793 0.7645502090454102 4
1710871449693 0.7011298537254333 4
1710871451569 0.7753812074661255 4
1710871453450 0.743070125579834 4
1710871455377 0.8054860830307007 4
1710871457257 0.6956660747528076 4
1710871459165 0.7954189777374268 4
1710871461057 0.77607262134552 4
1710871462920 0.709285318851471 4
1710871464825 0.739229679107666 4
1710871466718 0.6794121265411377 4
1710871468604 0.718024730682373 4
1710871470480 0.7206151485443115 4
1710871472354 0.7237964868545532 4
1710871474262 0.7722905874252319 4
1710871476145 0.6885287761688232 4
1710871478038 0.8190581202507019 4
1710871479945 0.7278051376342773 4
1710871481847 0.7311376333236694 4
1710871483742 0.7096569538116455 4
1710871485627 0.7588006258010864 4
1710871487531 0.7196609973907471 4
1710871489421 0.6668969392776489 4
1710871491300 0.695366382598877 4
1710871493211 0.6869754791259766 4
1710871495117 0.6878043413162231 4
1710871496989 0.6546735167503357 4
1710871498895 0.7142839431762695 4
1710871500788 0.7046593427658081 4
1710871502682 0.6518220901489258 4
1710871504569 0.7764707803726196 4
1710871506445 0.7764714956283569 4
1710871508339 0.6681957244873047 4
1710871510227 0.7832128405570984 4
1710871512105 0.618772029876709 4
1710871514010 0.7763296365737915 4
1710871515919 0.6581597328186035 4
1710871517807 0.7224958539009094 4
1710871519692 0.6270533204078674 4
1710871521588 0.7934612035751343 4
1710871523461 0.8171495199203491 4
1710871525349 0.7449572086334229 4
1710871527227 0.7363018989562988 4
1710871529392 0.6788588762283325 4
1710871531291 0.871637761592865 4
1710871533194 0.777043342590332 4
1710871535069 0.8332701921463013 4
1710871536957 0.7565582990646362 4
1710871538833 0.6831387281417847 4
1710871540724 0.7406530380249023 4
1710871542619 0.7476112246513367 4
1710871544509 0.7424209713935852 4
1710871546411 0.7527078986167908 4
1710871548298 0.8209474086761475 4
1710871550189 0.6762577295303345 4
1710871552064 0.7790837287902832 4
1710871553921 0.7078342437744141 4
1710871555840 0.7329750657081604 4
1710871557718 0.7449533343315125 4
1710871559596 0.6786687970161438 4
1710871561499 0.6529816389083862 4
1710871563408 0.7226791381835938 4
1710871565262 0.7991645932197571 4
1710871567189 0.815685510635376 4
1710871569039 0.6950889825820923 4
1710871570977 0.6773477792739868 4
1710871572847 0.6661363840103149 4
1710871574770 0.7520914673805237 4
1710871576670 0.6869410872459412 4
1710871578552 0.789076566696167 4
1710871580432 0.6596884727478027 4
1710871582339 0.7497243285179138 4
1710871584204 0.8189455270767212 4
1710871586109 0.6282601356506348 4
1710871587989 0.754849374294281 4
1710871589860 0.858853816986084 4
1710871591778 0.6833154559135437 4
1710871593655 0.6978896856307983 4
1710871595536 0.7205180525779724 4
1710871597415 0.7327574491500854 4
1710871599304 0.6677150130271912 4
1710871601191 0.7154943943023682 4
1710871603096 0.694607675075531 4
1710871605002 0.7832643985748291 4
1710871606878 0.6861629486083984 4
1710871608791 0.6727176904678345 4
1710871610664 0.6638264656066895 4
1710871612582 0.7001145482063293 4
1710871614476 0.7876390814781189 4
1710871616360 0.672976016998291 4
1710871618271 0.8244211077690125 4
1710871620167 0.7125914096832275 4
1710871622059 0.7196540236473083 4
1710871623935 0.7455980181694031 4
1710871625858 0.7783766984939575 4
1710871627747 0.727406919002533 4
1710871629636 0.7491718530654907 4
1710871631542 0.6990243196487427 4
1710871633418 0.8181872367858887 4
1710871635303 0.6919941902160645 4
1710871637215 0.7408519983291626 4
1710871639089 0.6596343517303467 4
1710871640979 0.7158430814743042 4
1710871642862 0.677116870880127 4
1710871644759 0.8262684345245361 4
1710871646652 0.6589057445526123 4
1710871648545 0.7443645596504211 4
1710871650434 0.7730448246002197 4
1710871652345 0.7414976358413696 4
1710871654254 0.7198023796081543 4
1710871656147 0.7945420742034912 4
1710871658033 0.7406216263771057 4
1710871659927 0.7029283046722412 4
1710871661781 0.7957634925842285 4
1710871663693 0.6854953169822693 4
1710871665598 0.6509920358657837 4
1710871667491 0.6784815788269043 4
1710871669415 0.7351744174957275 4
1710871671280 0.736758828163147 4
1710871673191 0.6797856092453003 4
1710871675081 0.655424952507019 4
1710871676963 0.7089941501617432 4
1710871678849 0.6607308387756348 4
1710871680723 0.7431627511978149 4
1710871682614 0.6708157658576965 4
1710871684516 0.7025644779205322 4
1710871686398 0.7653695344924927 4
1710871688288 0.7275557518005371 4
1710871690176 0.6819777488708496 4
1710871692068 0.7705653309822083 4
1710871693963 0.708957314491272 4
1710871695855 0.8179091215133667 4
1710871697765 0.6931344270706177 4
1710871699644 0.752377986907959 4
1710871701505 0.708762526512146 4
1710871703435 0.8405376076698303 4
1710871705346 0.7411632537841797 4
1710871707216 0.7504099607467651 4
1710871709092 0.7076557278633118 4
1710871710962 0.7207505106925964 4
1710871712879 0.7937408685684204 4
1710871714771 0.7544088363647461 4
1710871716655 0.720520555973053 4
1710871718534 0.7415048480033875 4
1710871720428 0.7314752340316772 4
1710871722296 0.7456362843513489 4
1710871724215 0.6786230802536011 4
1710871726147 0.7375286817550659 4
1710871728008 0.7350406646728516 4
1710871729884 0.7403509616851807 4
1710871731807 0.7517716884613037 4
1710871733705 0.7216144800186157 4
1710871735609 0.710785984992981 4
1710871737493 0.689592719078064 4
1710871739383 0.7011809349060059 4
1710871741260 0.7135034799575806 4
1710871743164 0.6463056206703186 4
1710871745046 0.6921566128730774 4
1710871746932 0.7536735534667969 4
1710871749104 0.726290225982666 4
1710871750990 0.8058528304100037 4
1710871752882 0.6749608516693115 4
1710871754770 0.7609602212905884 4
1710871756677 0.7071489095687866 4
1710871758584 0.7367147207260132 4
1710871760453 0.7499915361404419 4
1710871762350 0.6799646019935608 4
1710871764229 0.7333700656890869 4
1710871766126 0.6479448080062866 4
1710871768025 0.7447046041488647 4
1710871769950 0.726204514503479 4
1710871772111 0.690261960029602 4
1710871774020 0.7584496736526489 4
1710871775917 0.6949823498725891 4
1710871777808 0.7163909673690796 4
1710871779705 0.8024507761001587 4
1710871781593 0.7166966199874878 4
1710871783511 0.6885668039321899 4
1710871785375 0.6876050233840942 4
1710871787272 0.718957781791687 4
1710871789166 0.6867800951004028 4
1710871791059 0.6454370021820068 4
1710871792965 0.7266204357147217 4
1710871794862 0.6557350158691406 4
1710871796768 0.6882955431938171 4
1710871798673 0.7129025459289551 4
1710871800575 0.7402331829071045 4
1710871802463 0.723510205745697 4
1710871804358 0.7356774806976318 4
1710871806242 0.7500579357147217 4
1710871808150 0.7067930698394775 4
1710871810031 0.6266813278198242 4
1710871811942 0.7245939373970032 4
1710871813840 0.7401808500289917 4
1710871815716 0.6674249172210693 4
1710871817609 0.8647674322128296 4
1710871819506 0.6881797313690186 4
1710871821398 0.8393257856369019 4
1710871823273 0.6599436402320862 4
1710871825151 0.7168424129486084 4
1710871827027 0.7187962532043457 4
1710871828908 0.7233306169509888 4
1710871830778 0.7244186401367188 4
1710871832696 0.6699203848838806 4
1710871834586 0.6794200539588928 4
1710871836485 0.6940290927886963 4
1710871838392 0.72371506690979 4
1710871840282 0.802457332611084 4
1710871842146 0.7391971945762634 4
1710871844052 0.6934149265289307 4
1710871845952 0.7012020349502563 4
1710871847843 0.714884877204895 4
1710871849740 0.729657769203186 4
1710871851665 0.730962872505188 4
1710871853544 0.6680682897567749 4
1710871855410 0.728783130645752 4
1710871857312 0.8214917182922363 4
1710871859221 0.7074155211448669 4
1710871861142 0.7394932508468628 4
1710871863055 0.7311328053474426 4
1710871864972 0.6630491614341736 4
1710871866872 0.8098547458648682 4
1710871868796 0.7784719467163086 4
1710871870670 0.7249851822853088 4
1710871872545 0.7292971014976501 4
1710871874437 0.7081362009048462 4
1710871876320 0.7524349689483643 4
1710871878194 0.7411824464797974 4
1710871880096 0.6704081296920776 4
1710871881991 0.7060825228691101 4
1710871883871 0.6657196283340454 4
1710871885739 0.7187060713768005 4
1710871887638 0.6925984025001526 4
1710871889516 0.7712734341621399 4
1710871891410 0.7295804619789124 4
1710871893324 0.7300664186477661 4
1710871895186 0.6943055391311646 4
1710871897099 0.7344175577163696 4
1710871899001 0.7485495209693909 4
1710871900898 0.793207049369812 4
1710871902768 0.6891291737556458 4
1710871904688 0.7346434593200684 4
1710871906562 0.7872189283370972 4
1710871908435 0.7743284702301025 4
1710871910328 0.6207246780395508 4
1710871912218 0.7173709869384766 4
1710871914108 0.7317970991134644 4
1710871915993 0.7584119439125061 4
1710871917895 0.7515653967857361 4
1710871919809 0.737123966217041 4
1710871921710 0.7546467781066895 4
1710871923611 0.7193982005119324 4
1710871925494 0.7983829975128174 4
1710871927394 0.7331991195678711 4
1710871929250 0.7686504125595093 4
1710871931170 0.7209081053733826 4
1710871933072 0.7074369192123413 4
1710871934978 0.6691355109214783 4
1710871936861 0.6739180684089661 4
1710871938760 0.6831455230712891 4
1710871940652 0.8029757738113403 4
1710871942555 0.7292473912239075 4
1710871944449 0.7133907675743103 4
1710871946336 0.7541301250457764 4
1710871948258 0.6934611201286316 4
1710871950137 0.783463180065155 4
1710871952033 0.769757866859436 4
1710871953925 0.6195329427719116 4
1710871955798 0.7029212117195129 4
1710871957713 0.735156774520874 4
1710871959598 0.7637417316436768 4
1710871961519 0.6603587865829468 4
1710871963378 0.7006683349609375 4
1710871965292 0.7171788811683655 4
1710871967184 0.6961461305618286 4
1710871969377 0.6817444562911987 4
1710871971251 0.7350451946258545 4
1710871973143 0.7480911016464233 4
1710871975031 0.70606529712677 4
1710871976946 0.767654299736023 4
1710871978856 0.7109160423278809 4
1710871980732 0.6819558143615723 4
1710871982616 0.8105536699295044 4
1710871984489 0.6713535785675049 4
1710871986367 0.7334765195846558 4
1710871988262 0.7007168531417847 4
1710871990135 0.7662415504455566 4
1710871992062 0.7206950783729553 4
1710871993927 0.6867556571960449 4
1710871995827 0.6288407444953918 4
1710871997722 0.6846516132354736 4
1710871999621 0.6485555768013 4
1710872001498 0.7160117626190186 4
1710872003386 0.7240850329399109 4
1710872005295 0.6512045860290527 4
1710872007196 0.6486070156097412 4
1710872009107 0.6817715764045715 4
1710872011010 0.7468590140342712 4
1710872012918 0.69295334815979 4
1710872014804 0.6522047519683838 4
1710872016702 0.7132011651992798 4
1710872018613 0.7451037764549255 4
1710872020496 0.6751863956451416 4
1710872022384 0.7392622232437134 4
1710872024261 0.7057128548622131 4
1710872026164 0.7449044585227966 4
1710872028061 0.7501298189163208 4
1710872029939 0.7719080448150635 4
1710872031829 0.723037600517273 4
1710872033720 0.7141553163528442 4
1710872035650 0.6369436979293823 4
1710872037539 0.6981343030929565 4
1710872039409 0.7125867605209351 4
1710872041326 0.8763163089752197 4
1710872043205 0.7846179008483887 4
1710872045087 0.6962133646011353 4
1710872046977 0.7774225473403931 4
1710872048898 0.7446749210357666 4
1710872050786 0.7330302596092224 4
1710872052692 0.7510793209075928 4
1710872054587 0.797980546951294 4
1710872056478 0.7268469333648682 4
1710872058348 0.7225992679595947 4
1710872060261 0.6487522125244141 4
1710872062168 0.7149628400802612 4
1710872064083 0.6582244634628296 4
1710872065973 0.7097694277763367 4
1710872067866 0.7013060450553894 4
1710872069769 0.7570898532867432 4
1710872071647 0.6684069633483887 4
1710872073526 0.6892473101615906 4
1710872075402 0.6525871753692627 4
1710872077283 0.7292183637619019 4
1710872079182 0.743998646736145 4
1710872081066 0.6488137245178223 4
1710872082972 0.7372205257415771 4
1710872084888 0.7215225696563721 4
1710872086792 0.7058560848236084 4
1710872088663 0.6763142347335815 4
1710872090554 0.6973977088928223 4
1710872092450 0.7337818145751953 4
1710872094338 0.7755135297775269 4
1710872096247 0.6737712621688843 4
1710872098382 0.7884812355041504 4
1710872100287 0.7418711185455322 4
1710872102175 0.7584904432296753 4
1710872104053 0.6734374761581421 4
1710872105936 0.7179754972457886 4
1710872107832 0.7031636238098145 4
1710872109755 0.757115364074707 4
1710872111631 0.6591461896896362 4
1710872113524 0.6892415881156921 4
1710872115431 0.6623817086219788 4
1710872117341 0.7610737085342407 4
1710872119231 0.760840117931366 4
1710872121134 0.7487704753875732 4
1710872123010 0.7160708904266357 4
1710872124903 0.6446378827095032 4
1710872126776 0.7910109758377075 4
1710872128694 0.6685308218002319 4
1710872130574 0.6560187935829163 4
1710872132480 0.7124049663543701 4
1710872134393 0.7074435949325562 4
1710872136279 0.7338923215866089 4
1710872138175 0.7013927698135376 4
1710872140090 0.7370202541351318 4
1710872141962 0.7619359493255615 4
1710872143848 0.7650022506713867 4
1710872145726 0.7714977264404297 4
1710872147622 0.7602232694625854 4
1710872149533 0.7961692810058594 4
1710872151422 0.7191994190216064 4
1710872153292 0.7150636315345764 4
1710872155167 0.801164448261261 4
1710872157073 0.6592596769332886 4
1710872158950 0.7183660864830017 4
1710872160829 0.7228584289550781 4
1710872162725 0.6925666332244873 4
1710872164610 0.6808755397796631 4
1710872166507 0.7183428406715393 4
1710872168398 0.7208254337310791 4
1710872170303 0.766110360622406 4
1710872172190 0.6737684011459351 4
1710872174082 0.7653106451034546 4
1710872175980 0.7185969948768616 4
1710872177855 0.7130175828933716 4
1710872179774 0.737080454826355 4
1710872181652 0.7548324465751648 4
1710872183536 0.7371307015419006 4
1710872185439 0.7013632655143738 4
1710872187351 0.6887112855911255 4
1710872189561 0.730597198009491 4
1710872191456 0.7679541110992432 4
1710872193343 0.7789576053619385 4
1710872195256 0.6789689064025879 4
1710872197153 0.8216271996498108 4
1710872199061 0.7180607318878174 4
1710872200947 0.734039843082428 4
1710872202857 0.7551102042198181 4
1710872204722 0.6856191158294678 4
1710872206638 0.7306527495384216 4
1710872208540 0.7104747891426086 4
1710872210433 0.7149562239646912 4
1710872212336 0.7989295721054077 4
1710872214216 0.757483959197998 4
1710872216126 0.724942684173584 4
1710872218006 0.6849015355110168 4
1710872219904 0.6992940306663513 4
1710872221803 0.6677451729774475 4
1710872223714 0.7557584047317505 4
1710872225594 0.6947797536849976 4
1710872227484 0.6395857334136963 4
1710872229385 0.764809250831604 4
1710872231277 0.7249550819396973 4
1710872233166 0.7246256470680237 4
1710872235060 0.736514151096344 4
1710872236958 0.7317264080047607 4
1710872238843 0.7641907930374146 4
1710872240708 0.7485268115997314 4
1710872242616 0.7193161249160767 4
1710872244527 0.7353014945983887 4
1710872246403 0.6588308215141296 4
1710872248291 0.7912718057632446 4
1710872250206 0.6772118806838989 4
1710872252075 0.6525551080703735 4
1710872253974 0.6918574571609497 4
1710872255872 0.6583943367004395 4
1710872257762 0.6873682737350464 4
1710872259639 0.7696700096130371 4
1710872261535 0.783195436000824 4
1710872263439 0.7460358738899231 4
1710872265325 0.7637187838554382 4
1710872267209 0.7257087826728821 4
1710872269103 0.7475058436393738 4
1710872271006 0.7661763429641724 4
1710872272901 0.6674321293830872 4
1710872274769 0.823417067527771 4
1710872276689 0.7710208892822266 4
1710872278578 0.7352290153503418 4
1710872280456 0.6489975452423096 4
1710872282369 0.7195034027099609 4
1710872284264 0.7390392422676086 4
1710872286163 0.7478361129760742 4
1710872288050 0.7603652477264404 4
1710872289943 0.7290205955505371 4
1710872291837 0.7151541709899902 4
1710872293740 0.7507137060165405 4
1710872295646 0.8134180307388306 4
1710872297521 0.7765073776245117 4
1710872299409 0.7378305196762085 4
1710872301281 0.7049083709716797 4
1710872303185 0.7582630515098572 4
1710872305067 0.6915391683578491 4
1710872306956 0.8200541138648987 4
1710872308879 0.7408829927444458 4
1710872310778 0.7159848213195801 4
1710872312653 0.685644268989563 4
1710872314580 0.7009131908416748 4
1710872316485 0.6571797132492065 4
1710872318392 0.6600457429885864 4
1710872320287 0.6857406497001648 4
1710872322186 0.7377439141273499 4
1710872324078 0.6927571892738342 4
1710872325980 0.7870776057243347 4
1710872327858 0.7496622800827026 4
1710872329751 0.7601380348205566 4
1710872331649 0.7418727874755859 4
1710872333552 0.6875085234642029 4
1710872335429 0.6487523317337036 4
1710872337329 0.7138751745223999 4
1710872339189 0.7333413362503052 4
1710872341093 0.7433474063873291 4
1710872342974 0.7465388774871826 4
1710872344901 0.7624611854553223 4
1710872346793 0.656063973903656 4
1710872348720 0.7215571403503418 4
1710872350608 0.7137202024459839 4
1710872352510 0.7132866382598877 4
1710872354387 0.6736173033714294 4
1710872356259 0.661353349685669 4
1710872358165 0.6668087840080261 4
1710872360084 0.7893126010894775 4
1710872361974 0.7128326892852783 4
1710872363875 0.7425569295883179 4
1710872365786 0.7280704975128174 4
1710872367687 0.7155874967575073 4
1710872369563 0.7001084089279175 4
1710872371441 0.6007168292999268 4
1710872373342 0.7409830093383789 4
1710872375245 0.6698150634765625 4
1710872377141 0.790179967880249 4
1710872379030 0.7161678075790405 4
1710872380911 0.733720600605011 4
1710872382784 0.764004647731781 4
1710872384663 0.7466880083084106 4
1710872386555 0.753026008605957 4
1710872388457 0.821520209312439 4
1710872390350 0.7332587838172913 4
1710872392224 0.709357738494873 4
1710872394098 0.6574561595916748 4
1710872396012 0.7092294096946716 4
1710872397912 0.6643639802932739 4
1710872399808 0.7353782653808594 4
1710872401704 0.6681650876998901 4
1710872403608 0.6539992690086365 4
1710872405500 0.7201138734817505 4
1710872407415 0.6519466638565063 4
1710872409605 0.6873602271080017 4
1710872411492 0.8046054840087891 4
1710872413392 0.6193887591362 4
1710872415280 0.7560160756111145 4
1710872417188 0.7418824434280396 4
1710872419100 0.6846885681152344 4
1710872420999 0.7590124607086182 4
1710872422903 0.654438853263855 4
1710872425074 0.7672415375709534 4
1710872426971 0.7609970569610596 4
1710872428847 0.7273719310760498 4
1710872430729 0.7352531552314758 4
1710872432637 0.7307447791099548 4
1710872434525 0.7519985437393188 4
1710872436410 0.7453155517578125 4
1710872438300 0.7504072189331055 4
1710872440182 0.7150604724884033 4
1710872442086 0.7000590562820435 4
1710872444001 0.863355278968811 4
1710872445876 0.669407844543457 4
1710872447781 0.6979482173919678 4
1710872449657 0.6886588335037231 4
1710872451540 0.685764729976654 4
1710872453433 0.7985270619392395 4
1710872455306 0.6898075938224792 4
1710872457231 0.7548742890357971 4
1710872459135 0.7413931488990784 4
1710872461048 0.7534865736961365 4
1710872462914 0.6979174613952637 4
1710872464819 0.7487998008728027 4
1710872466713 0.7782686948776245 4
1710872468596 0.7258121371269226 4
1710872470478 0.813299298286438 4
1710872472407 0.699816107749939 4
1710872474295 0.7147355675697327 4
1710872476218 0.7019987106323242 4
1710872478111 0.771316647529602 4
1710872479984 0.6699977517127991 4
1710872481900 0.7494340538978577 4
1710872483763 0.7587361335754395 4
1710872485657 0.6296812295913696 4
1710872487568 0.7238156795501709 4
1710872489447 0.8300483822822571 4
1710872491316 0.6467688083648682 4
1710872493226 0.7089360952377319 4
1710872495133 0.72817462682724 4
1710872497027 0.7541086673736572 4
1710872498932 0.660772442817688 4
1710872500817 0.7298954725265503 4
1710872502714 0.7383809089660645 4
1710872504611 0.714111328125 4
1710872506489 0.7769151329994202 4
1710872508377 0.7221813201904297 4
1710872510242 0.7555280923843384 4
1710872512152 0.6733628511428833 4
1710872514068 0.8020689487457275 4
1710872515980 0.7505382299423218 4
1710872517888 0.7522964477539062 4
1710872519789 0.7412463426589966 4
1710872521685 0.7142717838287354 4
1710872523580 0.705541729927063 4
1710872525467 0.7083128690719604 4
1710872527360 0.7155749797821045 4
1710872529263 0.7110777497291565 4
1710872531138 0.6767114400863647 4
1710872533019 0.7135272026062012 4
1710872534900 0.6603818535804749 4
1710872536799 0.72733074426651 4
1710872538676 0.6694539785385132 4
1710872540588 0.6658109426498413 4
1710872542492 0.6678955554962158 4
1710872544369 0.7018287181854248 4
1710872546286 0.6593858003616333 4
1710872548157 0.7314146757125854 4
1710872550052 0.6630343198776245 4
1710872551943 0.7541525363922119 4
1710872553824 0.5911810994148254 4
1710872555724 0.6671861410140991 4
1710872557618 0.6919934749603271 4
1710872559504 0.7319927215576172 4
1710872561383 0.7043118476867676 4
1710872563271 0.7588193416595459 4
1710872565149 0.7217999696731567 4
1710872567037 0.7358561754226685 4
1710872568941 0.7416855096817017 4
1710872570847 0.724721372127533 4
1710872572742 0.6635243892669678 4
1710872574633 0.7128245830535889 4
1710872576529 0.7006467580795288 4
1710872578416 0.7733762264251709 4
1710872580322 0.6751338243484497 4
1710872582203 0.7336187362670898 4
1710872584105 0.7374296188354492 4
1710872586001 0.7186920642852783 4
1710872587905 0.77107834815979 4
1710872589789 0.6736268401145935 4
1710872591712 0.8191980719566345 4
1710872593579 0.8328281044960022 4
1710872595463 0.7396829724311829 4
1710872597360 0.6615152955055237 4
1710872599242 0.8025226593017578 4
1710872601135 0.7174072265625 4
1710872603004 0.7466964721679688 4
1710872604911 0.6687064170837402 4
1710872606804 0.6779190897941589 4
1710872608692 0.675698459148407 4
1710872610571 0.6452474594116211 4
1710872612484 0.6453694105148315 4
1710872614367 0.7629029750823975 4
1710872616266 0.7167294025421143 4
1710872618160 0.7588939666748047 4
1710872620069 0.7148929834365845 4
1710872621970 0.7590705156326294 4
1710872623881 0.7798383235931396 4
1710872625774 0.6748483180999756 4
1710872627654 0.7777625918388367 4
1710872629862 0.7362434267997742 4
1710872631763 0.6649113893508911 4
1710872633654 0.7387195825576782 4
1710872635541 0.7261800765991211 4
1710872637441 0.7147660255432129 4
1710872639351 0.7724971771240234 4
1710872641238 0.7985286116600037 4
1710872643140 0.6923810839653015 4
1710872645049 0.7282319068908691 4
1710872646948 0.7667100429534912 4
1710872648843 0.7223143577575684 4
1710872650751 0.7009701728820801 4
1710872652629 0.6741335391998291 4
1710872654517 0.6709520816802979 4
1710872656408 0.7359291315078735 4
1710872658286 0.6668513417243958 4
1710872660163 0.7140845656394958 4
1710872662061 0.6919934749603271 4
1710872663958 0.75493323802948 4
1710872665835 0.7541782259941101 4
1710872667746 0.7162879705429077 4
1710872669636 0.7391611337661743 4
1710872671532 0.6635934710502625 4
1710872673420 0.7525781393051147 4
1710872675309 0.734845757484436 4
1710872677223 0.7456374168395996 4
1710872679133 0.7071966528892517 4
1710872681031 0.6808686256408691 4
1710872682916 0.6623950004577637 4
1710872684784 0.764553964138031 4
1710872686661 0.6360058784484863 4
1710872688559 0.7775033116340637 4
1710872690457 0.768271803855896 4
1710872692346 0.7019035816192627 4
1710872694238 0.8217713832855225 4
1710872696114 0.8161994814872742 4
1710872698006 0.7138103246688843 4
1710872699903 0.7336499691009521 4
1710872701778 0.6802449226379395 4
1710872703679 0.7045626640319824 4
1710872705593 0.7529628276824951 4
1710872707465 0.7776471972465515 4
1710872709362 0.6842249631881714 4
1710872711255 0.7298463582992554 4
1710872713132 0.8114452362060547 4
1710872715039 0.7887316346168518 4
1710872716941 0.6725037693977356 4
1710872718856 0.7312732338905334 4
1710872720742 0.7303918600082397 4
1710872722668 0.7002766728401184 4
1710872724581 0.8047102689743042 4
1710872726468 0.6212892532348633 4
1710872728350 0.7335553169250488 4
1710872730232 0.7665582299232483 4
1710872732116 0.7320079803466797 4
1710872734004 0.7499699592590332 4
1710872735892 0.7916375398635864 4
1710872737789 0.7644044160842896 4
1710872739684 0.6206244230270386 4
1710872741595 0.7724560499191284 4
1710872743494 0.672257661819458 4
1710872745374 0.6975488662719727 4
1710872747251 0.6815539002418518 4
1710872749131 0.7637948393821716 4
1710872751313 0.680625855922699 4
1710872753227 0.721889078617096 4
1710872755109 0.7946555614471436 4
1710872756997 0.7803331613540649 4
1710872758893 0.7335126399993896 4
1710872760773 0.734815776348114 4
1710872762668 0.7339196801185608 4
1710872764579 0.6461150646209717 4
1710872766470 0.7537623643875122 4
1710872768370 0.694671094417572 4
1710872770270 0.7479071617126465 4
1710872772167 0.7209810018539429 4
1710872774050 0.6809096932411194 4
1710872775930 0.7079023718833923 4
1710872777844 0.7052156329154968 4
1710872779751 0.7989145517349243 4
1710872781629 0.7288109064102173 4
1710872783528 0.7583234310150146 4
1710872785426 0.7552171945571899 4
1710872787325 0.7636487483978271 4
1710872789243 0.7901259660720825 4
1710872791135 0.7142789363861084 4
1710872793056 0.6815072298049927 4
1710872794934 0.7425270676612854 4
1710872796797 0.6585363149642944 4
1710872798718 0.74211585521698 4
1710872800591 0.6528593301773071 4
1710872802462 0.7246968746185303 4
1710872804366 0.8506054878234863 4
1710872806271 0.739531934261322 4
1710872808159 0.706417977809906 4
1710872810067 0.6603045463562012 4
1710872811953 0.6917626261711121 4
1710872813822 0.7867300510406494 4
1710872815708 0.6990569829940796 4
1710872817600 0.7431020736694336 4
1710872819483 0.7696627378463745 4
1710872821362 0.7273021936416626 4
1710872823246 0.658505380153656 4
1710872825130 0.7139279842376709 4
1710872827047 0.7004417181015015 4
1710872828932 0.7870205044746399 4
1710872830835 0.6686220765113831 4
1710872832744 0.6480153799057007 4
1710872834645 0.7405585050582886 4
1710872836515 0.6853319406509399 4
1710872838395 0.709510326385498 4
1710872840272 0.7258250117301941 4
1710872842165 0.6940419673919678 4
1710872844049 0.7825478315353394 4
1710872845969 0.7269036769866943 4
1710872847857 0.7736197710037231 4
1710872850015 0.7083076238632202 4
1710872851918 0.7006512880325317 4
1710872853798 0.723910927772522 4
1710872855687 0.6979993581771851 4
1710872857589 0.711545467376709 4
1710872859476 0.6760998964309692 4
1710872861354 0.6929740309715271 4
1710872863231 0.7482786178588867 4
1710872865123 0.6304582357406616 4
1710872867003 0.7153335809707642 4
1710872868894 0.7396166324615479 4
1710872870795 0.6507608294487 4
1710872872681 0.7856767177581787 4
1710872874568 0.7130603790283203 4
1710872876442 0.7212619185447693 4
1710872878344 0.7096647620201111 4
1710872880223 0.7033205032348633 4
1710872882114 0.6625677347183228 4
1710872884024 0.8315672874450684 4
1710872885902 0.6978598833084106 4
1710872887777 0.7784859538078308 4
1710872889687 0.7260674238204956 4
1710872891599 0.7019512057304382 4
1710872893476 0.7796221971511841 4
1710872895403 0.637566328048706 4
1710872897289 0.7010464072227478 4
1710872899184 0.7326939702033997 4
1710872901095 0.7161105871200562 4
1710872902996 0.7348669171333313 4
1710872904895 0.71783846616745 4
1710872906793 0.7564225196838379 4
1710872908667 0.6706312894821167 4
1710872910587 0.7827391624450684 4
1710872912465 0.6997965574264526 4
1710872914356 0.7749468684196472 4
1710872916247 0.6887681484222412 4
1710872918162 0.6395294666290283 4
1710872920053 0.6938120722770691 4
1710872921949 0.7257212400436401 4
1710872923846 0.7058990597724915 4
1710872925736 0.7072941064834595 4
1710872927618 0.7428677082061768 4
1710872929533 0.6803941130638123 4
1710872931399 0.6925112009048462 4
1710872933322 0.6576014161109924 4
1710872935222 0.7025106549263 4
1710872937119 0.7091803550720215 4
1710872939005 0.6779762506484985 4
1710872940893 0.7082284092903137 4
1710872942804 0.6796386241912842 4
1710872944681 0.7528718709945679 4
1710872946572 0.6970335245132446 4
1710872948466 0.7412911653518677 4
1710872950376 0.6670135259628296 4
1710872952275 0.6664344072341919 4
1710872954170 0.7832329273223877 4
1710872956080 0.718869149684906 4
1710872957999 0.7120829224586487 4
1710872959930 0.6702165603637695 4
1710872961853 0.7172094583511353 4
1710872963778 0.7356842756271362 4
1710872965697 0.7059023380279541 4
1710872967575 0.697002649307251 4
1710872969499 0.7406234741210938 4
1710872971409 0.6762754917144775 4
1710872973343 0.7568086981773376 4
1710872975442 0.6817880868911743 4
1710872977348 0.7731221318244934 4
1710872979250 0.7205284833908081 4
1710872981151 0.665380597114563 4
1710872983071 0.8004478216171265 4
1710872984989 0.7314563989639282 4
1710872986921 0.7361365556716919 4
1710872988821 0.8050599694252014 4
1710872990745 0.6728675961494446 4
1710872992637 0.7085278034210205 4
1710872994513 0.7572423815727234 4
1710872996422 0.6203683614730835 4
1710872998346 0.7437061071395874 4
1710873000260 0.6901717782020569 4
1710873002180 0.7459633350372314 4
1710873004093 0.6991297006607056 4
1710873006007 0.7448503971099854 4
1710873007920 0.778744637966156 4
1710873009820 0.6877899169921875 4
1710873011741 0.6756047606468201 4
1710873013644 0.7162867784500122 4
1710873015555 0.6803625822067261 4
1710873017464 0.7423753142356873 4
1710873019350 0.7988555431365967 4
1710873021277 0.7602497935295105 4
1710873023173 0.6310443878173828 4
1710873025079 0.697293221950531 4
1710873026977 0.7175519466400146 4
1710873028872 0.6749804019927979 4
1710873030768 0.7870823740959167 4
1710873032660 0.668082594871521 4
1710873034590 0.6785893440246582 4
1710873036497 0.7191681265830994 4
1710873038394 0.7699756622314453 4
1710873040309 0.717292070388794 4
1710873042215 0.6235514879226685 4
1710873044146 0.728173017501831 4
1710873046065 0.7198679447174072 4
1710873047968 0.704768180847168 4
1710873049895 0.7389321327209473 4
1710873051763 0.7458170652389526 4
1710873053676 0.6785928606987 4
1710873055551 0.6833202242851257 4
1710873057441 0.7971900701522827 4
1710873059351 0.7059259414672852 4
1710873061249 0.684832751750946 4
1710873063148 0.6679866313934326 4
1710873065032 0.725762128829956 4
1710873066931 0.6701486706733704 4
1710873068828 0.6526741981506348 4
1710873071006 0.7074223160743713 4
1710873072921 0.6812199354171753 4
1710873074835 0.7791007161140442 4
1710873076747 0.6700505018234253 4
1710873078959 0.7422882914543152 4
1710873080870 0.6967822313308716 4
1710873082762 0.6510378122329712 4
1710873084651 0.6694934368133545 4
1710873086543 0.7040202617645264 4
1710873088439 0.7106831073760986 4
1710873090320 0.7063156366348267 4
1710873092233 0.7329539656639099 4
1710873094116 0.7232722043991089 4
1710873096015 0.7386885285377502 4
1710873097922 0.678617537021637 4
1710873099823 0.6448900699615479 4
1710873101722 0.6899155378341675 4
1710873103599 0.775719940662384 4
1710873105521 0.7850989103317261 4
1710873107429 0.7405046224594116 4
1710873109333 0.718484103679657 4
1710873111225 0.7509766817092896 4
1710873113141 0.7360117435455322 4
1710873115047 0.6935998201370239 4
1710873116974 0.7393582463264465 4
1710873118861 0.7873476147651672 4
1710873120770 0.7432140111923218 4
1710873122678 0.7385588884353638 4
1710873124558 0.684700071811676 4
1710873126466 0.7435697317123413 4
1710873128371 0.6412423253059387 4
1710873130259 0.7064831256866455 4
1710873132138 0.720730185508728 4
1710873134042 0.7647165060043335 4
1710873135944 0.6717756986618042 4
1710873137835 0.7445086240768433 4
1710873139727 0.6835083961486816 4
1710873141629 0.7937431335449219 4
1710873143529 0.7290490865707397 4
1710873145446 0.7468879222869873 4
1710873147329 0.6721794605255127 4
1710873149228 0.6757853031158447 4
1710873151102 0.6333645582199097 4
1710873153010 0.7037975788116455 4
1710873154911 0.6905454993247986 4
1710873156794 0.7086180448532104 4
1710873158698 0.7102212905883789 4
1710873160587 0.7102081775665283 4
1710873162460 0.7927818298339844 4
1710873164374 0.6934800744056702 4
1710873166302 0.7853834629058838 4
1710873168209 0.7472028732299805 4
1710873170116 0.6974389553070068 4
1710873171998 0.7292452454566956 4
1710873173896 0.662786602973938 4
1710873175794 0.7255606651306152 4
1710873177696 0.7236504554748535 4
1710873179584 0.6962190866470337 4
1710873181474 0.7980301380157471 4
1710873183389 0.7316610813140869 4
1710873185303 0.7005230784416199 4
1710873187205 0.6926620006561279 4
1710873189078 0.7590674161911011 4
1710873190982 0.7652720212936401 4
1710873192863 0.6879527568817139 4
1710873243955 0.6963597536087036 5
1710873245936 0.717637300491333 5
1710873247843 0.7372696399688721 5
1710873249765 0.6990454792976379 5
1710873251661 0.7236955165863037 5
1710873253570 0.7488458156585693 5
1710873255503 0.7777563333511353 5
1710873257415 0.7100995182991028 5
1710873259295 0.7976735830307007 5
1710873261207 0.732757568359375 5
1710873263090 0.688224196434021 5
1710873264984 0.7094176411628723 5
1710873266883 0.7717978358268738 5
1710873268794 0.6741052865982056 5
1710873270687 0.7293387651443481 5
1710873272599 0.7489112615585327 5
1710873274462 0.7992775440216064 5
1710873276361 0.6713303923606873 5
1710873278288 0.8144066333770752 5
1710873280215 0.7007777690887451 5
1710873282106 0.7449740171432495 5
1710873284037 0.7382892370223999 5
1710873285955 0.6428864002227783 5
1710873287847 0.7170978784561157 5
1710873289764 0.693313479423523 5
1710873291670 0.7006624341011047 5
1710873293559 0.7514411211013794 5
1710873295486 0.7999507188796997 5
1710873297391 0.7181348204612732 5
1710873299320 0.7153052091598511 5
1710873301225 0.7320791482925415 5
1710873303149 0.7424789667129517 5
1710873305062 0.7246426343917847 5
1710873306990 0.7817172408103943 5
1710873308924 0.7197429537773132 5
1710873310820 0.6786637306213379 5
1710873312739 0.7125736474990845 5
1710873314652 0.7546899914741516 5
1710873316589 0.6729304194450378 5
1710873318523 0.7067841291427612 5
1710873320441 0.726402997970581 5
1710873322335 0.7148686051368713 5
1710873324256 0.7317530512809753 5
1710873326176 0.6820472478866577 5
1710873328090 0.7695437669754028 5
1710873330285 0.7235077023506165 5
1710873332230 0.6403363943099976 5
1710873334141 0.7054665088653564 5
1710873336068 0.7644351124763489 5
1710873337975 0.7102040648460388 5
1710873339897 0.744265615940094 5
1710873341808 0.7268240451812744 5
1710873343715 0.6737172603607178 5
1710873345613 0.7009169459342957 5
1710873347528 0.7779090404510498 5
1710873349437 0.7793323397636414 5
1710873351358 0.7366366386413574 5
1710873353281 0.6523553133010864 5
1710873355202 0.6582685112953186 5
1710873357137 0.685086727142334 5
1710873359060 0.7230793833732605 5
1710873360969 0.8157827854156494 5
1710873362879 0.6984812021255493 5
1710873364788 0.67181396484375 5
1710873366706 0.75757896900177 5
1710873368610 0.6388447880744934 5
1710873370536 0.6773226857185364 5
1710873372424 0.6952709555625916 5
1710873374346 0.7576612830162048 5
1710873376291 0.6649830341339111 5
1710873378200 0.7769484519958496 5
1710873380121 0.7176996469497681 5
1710873382050 0.7012332081794739 5
1710873383962 0.7413589358329773 5
1710873385881 0.7516123056411743 5
1710873387805 0.7051795721054077 5
1710873389715 0.7223911285400391 5
1710873391630 0.6992729306221008 5
1710873393557 0.6454496383666992 5
1710873395470 0.7998446226119995 5
1710873397400 0.7274886965751648 5
1710873399307 0.7495938539505005 5
1710873401194 0.6358847618103027 5
1710873403121 0.8380182981491089 5
1710873405061 0.6771246194839478 5
1710873407222 0.7272331714630127 5
1710873409127 0.6883299350738525 5
1710873411039 0.7499812245368958 5
1710873412964 0.7297261953353882 5
1710873414918 0.7438817024230957 5
1710873416840 0.6697767972946167 5
1710873418749 0.733344316482544 5
1710873420653 0.7061135768890381 5
1710873422561 0.7468928098678589 5
1710873424476 0.7492647171020508 5
1710873426377 0.6992307901382446 5
1710873428310 0.6558575630187988 5
1710873430233 0.7906709909439087 5
1710873432130 0.7852710485458374 5
1710873434025 0.6842560768127441 5
1710873435943 0.776964545249939 5
1710873437862 0.8509161472320557 5
1710873439757 0.710710883140564 5
1710873441644 0.6486566662788391 5
1710873443541 0.7291496992111206 5
1710873445442 0.6874284148216248 5
1710873447381 0.7303305864334106 5
1710873449302 0.7267704010009766 5
1710873451201 0.7742601633071899 5
1710873453130 0.7113917469978333 5
1710873455056 0.8241835832595825 5
1710873456957 0.7135167121887207 5
1710873458882 0.738060712814331 5
1710873460822 0.6713237762451172 5
1710873462758 0.7780218124389648 5
1710873464681 0.7025222778320312 5
1710873466605 0.6874852180480957 5
1710873468495 0.7658326625823975 5
1710873470419 0.8290113806724548 5
1710873472349 0.7478166818618774 5
1710873474247 0.7382962107658386 5
1710873476153 0.7514940500259399 5
1710873478082 0.7543190717697144 5
1710873479998 0.7524007558822632 5
1710873481921 0.7930302619934082 5
1710873483840 0.7770460844039917 5
1710873485725 0.6471184492111206 5
1710873487645 0.732986330986023 5
1710873489566 0.800258219242096 5
1710873491481 0.6713641881942749 5
1710873493376 0.620948314666748 5
1710873495280 0.7408141493797302 5
1710873497197 0.767386794090271 5
1710873499100 0.7685192823410034 5
1710873501008 0.7570183277130127 5
1710873502890 0.81512451171875 5
1710873504789 0.7041347622871399 5
1710873506693 0.7294869422912598 5
1710873508574 0.7307268381118774 5
1710873510480 0.8864097595214844 5
1710873512385 0.6888151168823242 5
1710873514264 0.8738692402839661 5
1710873516169 0.7867562174797058 5
1710873518065 0.691706657409668 5
1710873519968 0.6646426916122437 5
1710873521837 0.7613715529441833 5
1710873523757 0.7291668653488159 5
1710873525686 0.6782965660095215 5
1710873527567 0.751182496547699 5
1710873529487 0.7441565990447998 5
1710873531400 0.7106138467788696 5
1710873533291 0.7120802402496338 5
1710873535190 0.7087435722351074 5
1710873537102 0.7041142582893372 5
1710873539007 0.6153926849365234 5
1710873540895 0.6849527359008789 5
1710873542800 0.7056488990783691 5
1710873544716 0.695609450340271 5
1710873546612 0.7647476196289062 5
1710873548507 0.7285072803497314 5
1710873550419 0.7041035890579224 5
1710873552304 0.7047455310821533 5
1710873554186 0.6697655320167542 5
1710873556374 0.7410835027694702 5
1710873558250 0.6835120916366577 5
1710873560165 0.7022113800048828 5
1710873562040 0.7711601853370667 5
1710873563972 0.663615882396698 5
1710873565883 0.7974442839622498 5
1710873567755 0.765632688999176 5
1710873569634 0.7346742153167725 5
1710873571551 0.6798023581504822 5
1710873573432 0.6770200729370117 5
1710873575321 0.7860594987869263 5
1710873577227 0.6870716214179993 5
1710873579133 0.6250279545783997 5
1710873581009 0.6914396286010742 5
1710873582894 0.7078701257705688 5
1710873584779 0.7908174991607666 5
1710873586703 0.7598634958267212 5
1710873588598 0.6739237308502197 5
1710873590505 0.7145295143127441 5
1710873592401 0.7627899050712585 5
1710873594298 0.6930515766143799 5
1710873596203 0.8000388145446777 5
1710873598098 0.6361163854598999 5
1710873600009 0.6693880558013916 5
1710873601924 0.654442310333252 5
1710873603825 0.7514871954917908 5
1710873605717 0.695483922958374 5
1710873607622 0.7525081634521484 5
1710873609506 0.7235302925109863 5
1710873611399 0.6231892108917236 5
1710873613333 0.7904061675071716 5
1710873615251 0.6737021207809448 5
1710873617168 0.6873694658279419 5
1710873619061 0.6261035799980164 5
1710873620961 0.781241774559021 5
1710873622865 0.6657077074050903 5
1710873624779 0.681393027305603 5
1710873626664 0.7217707633972168 5
1710873628583 0.7025114893913269 5
1710873630473 0.7941144704818726 5
1710873632411 0.7994534969329834 5
1710873634322 0.6781272292137146 5
1710873636219 0.7594809532165527 5
1710873638136 0.8436322808265686 5
1710873640041 0.6941322088241577 5
1710873641934 0.7365062832832336 5
1710873643803 0.7469892501831055 5
1710873645722 0.6782222390174866 5
1710873647630 0.762071967124939 5
1710873649513 0.786952018737793 5
1710873651416 0.7415851950645447 5
1710873653307 0.6971043348312378 5
1710873655206 0.7057268619537354 5
1710873657091 0.7076930999755859 5
1710873658986 0.6511085629463196 5
1710873660882 0.6959754228591919 5
1710873662765 0.7130361795425415 5
1710873664679 0.7046124339103699 5
1710873666595 0.7985576391220093 5
1710873668509 0.6776108741760254 5
1710873670396 0.7526244521141052 5
1710873672285 0.7007358074188232 5
1710873674149 0.8445920944213867 5
1710873676061 0.7438016533851624 5
1710873677965 0.6717405319213867 5
1710873679856 0.7886074781417847 5
1710873681778 0.6671185493469238 5
1710873683694 0.7851675748825073 5
1710873685592 0.6593798398971558 5
1710873687486 0.7074993848800659 5
1710873689349 0.7428485751152039 5
1710873691258 0.7141741514205933 5
1710873693160 0.6811347007751465 5
1710873695039 0.7262864112854004 5
1710873696928 0.732559859752655 5
1710873698836 0.7553020119667053 5
1710873700750 0.7502883672714233 5
1710873702651 0.7079024314880371 5
1710873704565 0.685321033000946 5
1710873706473 0.7283279895782471 5
1710873708370 0.771740198135376 5
1710873710275 0.7074569463729858 5
1710873712185 0.7889314889907837 5
1710873714093 0.7230019569396973 5
1710873715964 0.7476307153701782 5
1710873717860 0.7732792496681213 5
1710873719730 0.7343343496322632 5
1710873721644 0.7039769887924194 5
1710873723520 0.7416548728942871 5
1710873725417 0.748327374458313 5
1710873727815 0.7614947557449341 5
1710873729654 0.6871093511581421 5
1710873731564 0.6706866025924683 5
1710873733492 0.7134147882461548 5
1710873735391 0.6917303800582886 5
1710873737308 0.8217272758483887 5
1710873739210 0.7016111612319946 5
1710873741100 0.673668384552002 5
1710873742977 0.6863370537757874 5
1710873744892 0.7228856682777405 5
1710873746799 0.6807987093925476 5
1710873748691 0.6764687299728394 5
1710873750559 0.7310438752174377 5
1710873752478 0.7491990327835083 5
1710873754381 0.696588397026062 5
1710873756290 0.6948248147964478 5
1710873758211 0.7133429646492004 5
1710873760114 0.7247503399848938 5
1710873762009 0.7291439771652222 5
1710873763909 0.731708824634552 5
1710873765824 0.7089535593986511 5
1710873767733 0.6673165559768677 5
1710873769650 0.7292106747627258 5
1710873771566 0.6861617565155029 5
1710873773454 0.7656590938568115 5
1710873775354 0.6360519528388977 5
1710873777259 0.8041531443595886 5
1710873779162 0.7018077969551086 5
1710873781330 0.721996545791626 5
1710873783260 0.6428967714309692 5
1710873785150 0.720129132270813 5
1710873787037 0.746540367603302 5
1710873788930 0.7498509883880615 5
1710873790825 0.7605898380279541 5
1710873792718 0.7603233456611633 5
1710873794637 0.6822483539581299 5
1710873796533 0.691171407699585 5
1710873798428 0.7248706817626953 5
1710873800327 0.6756726503372192 5
1710873802241 0.7414058446884155 5
1710873804130 0.6852059364318848 5
1710873806034 0.745742917060852 5
1710873807963 0.7336399555206299 5
1710873809870 0.7638602256774902 5
1710873811773 0.7647457122802734 5
1710873813697 0.7312571406364441 5
1710873815611 0.7078828811645508 5
1710873817487 0.7707432508468628 5
1710873819401 0.6554753184318542 5
1710873821283 0.8496575951576233 5
1710873823194 0.7863237857818604 5
1710873825110 0.7289119958877563 5
1710873827031 0.7254734039306641 5
1710873828931 0.7623227834701538 5
1710873830807 0.7760782241821289 5
1710873832711 0.7120407819747925 5
1710873834595 0.7679154872894287 5
1710873836505 0.6863881349563599 5
1710873838412 0.7275122404098511 5
1710873840336 0.7241930961608887 5
1710873842244 0.7041379809379578 5
1710873844146 0.8045458793640137 5
1710873846361 0.7638483047485352 5
1710873848255 0.776604413986206 5
1710873850181 0.6588090062141418 5
1710873852074 0.7270679473876953 5
1710873853977 0.6664912700653076 5
1710873855872 0.718590497970581 5
1710873857755 0.6976336240768433 5
1710873859671 0.7503105998039246 5
1710873861580 0.7447831630706787 5
1710873863481 0.6758283376693726 5
1710873865387 0.7516931295394897 5
1710873867294 0.744688868522644 5
1710873869204 0.6773673295974731 5
1710873871099 0.7844163179397583 5
1710873872998 0.7833154797554016 5
1710873874919 0.7138632535934448 5
1710873876815 0.7218514680862427 5
1710873878709 0.7553442716598511 5
1710873880635 0.7368311882019043 5
1710873882528 0.7431420683860779 5
1710873884441 0.7164397835731506 5
1710873886345 0.6765544414520264 5
1710873888238 0.7243980765342712 5
1710873890157 0.8029751777648926 5
1710873892037 0.6622492074966431 5
1710873893925 0.6648566722869873 5
1710873895802 0.7466908693313599 5
1710873897662 0.7394818067550659 5
1710873899582 0.702391505241394 5
1710873901472 0.8060142993927002 5
1710873903386 0.7212331891059875 5
1710873905270 0.7395557165145874 5
1710873907157 0.7678561806678772 5
1710873909088 0.7117236852645874 5
1710873911005 0.6572389006614685 5
1710873912887 0.7165443301200867 5
1710873914825 0.6910595297813416 5
1710873916735 0.6813445687294006 5
1710873918622 0.6871079206466675 5
1710873920547 0.6223518252372742 5
1710873922459 0.6562919616699219 5
1710873924304 0.7064084410667419 5
1710873926211 0.7510615587234497 5
1710873928096 0.7619757652282715 5
1710873929989 0.6781576871871948 5
1710873931875 0.8099814653396606 5
1710873933764 0.7061538696289062 5
1710873935698 0.7250684499740601 5
1710873937590 0.7525979280471802 5
1710873939486 0.7284868359565735 5
1710873941390 0.7363567352294922 5
1710873943285 0.6700164675712585 5
1710873945174 0.8000912666320801 5
1710873947099 0.6382300853729248 5
1710873948964 0.7643736004829407 5
1710873950891 0.6562356948852539 5
1710873952795 0.7169339656829834 5
1710873954697 0.7342540621757507 5
1710873956613 0.7463960647583008 5
1710873958519 0.7667437791824341 5
1710873960439 0.7175707817077637 5
1710873962333 0.7174057960510254 5
1710873964217 0.7612685561180115 5
1710873966099 0.6339558959007263 5
1710873967980 0.7734519243240356 5
1710873969852 0.7292395830154419 5
1710873971758 0.7941123843193054 5
1710873973656 0.7425354719161987 5
1710873975552 0.7512574791908264 5
1710873977429 0.7097514867782593 5
1710873979365 0.7591585516929626 5
1710873981249 0.6431239247322083 5
1710873983139 0.6794052720069885 5
1710873985067 0.6596029996871948 5
1710873986979 0.6722325682640076 5
1710873988874 0.7859206199645996 5
1710873990785 0.7759049534797668 5
1710873992667 0.711730420589447 5
1710873994552 0.8269891738891602 5
1710873996440 0.6103503108024597 5
1710873998363 0.7300456762313843 5
1710874000278 0.7154232263565063 5
1710874002155 0.715597927570343 5
1710874004055 0.6628683805465698 5
1710874005983 0.7688202857971191 5
1710874007866 0.7457897663116455 5
1710874009771 0.7525006532669067 5
1710874011676 0.6686539649963379 5
1710874013577 0.8234300017356873 5
1710874015509 0.8108142614364624 5
1710874017450 0.6841491460800171 5
1710874019381 0.7189548015594482 5
1710874021265 0.7186315059661865 5
1710874023166 0.6577653288841248 5
1710874025070 0.7071769833564758 5
1710874026943 0.7206889390945435 5
1710874028870 0.6732114553451538 5
1710874030768 0.7292632460594177 5
1710874032672 0.7078573107719421 5
1710874034598 0.7655318975448608 5
1710874036496 0.8038548827171326 5
1710874038384 0.6934190988540649 5
1710874040299 0.6589640378952026 5
1710874042165 0.8156352043151855 5
1710874044082 0.6257807016372681 5
1710874045983 0.7731322050094604 5
1710874047878 0.7021923065185547 5
1710874049786 0.7584604024887085 5
1710874051836 0.6841421723365784 5
1710874053790 0.7147089242935181 5
1710874055700 0.7426538467407227 5
1710874057585 0.6834421157836914 5
1710874059471 0.7165055274963379 5
1710874061343 0.654155969619751 5
1710874063261 0.6690753698348999 5
1710874065158 0.6850872039794922 5
1710874067045 0.6733615398406982 5
1710874068956 0.7838034629821777 5
1710874070861 0.7560297846794128 5
1710874072745 0.6704925298690796 5
1710874074633 0.7112995386123657 5
1710874076515 0.6967453956604004 5
1710874078442 0.723359227180481 5
1710874080346 0.6527714729309082 5
1710874082227 0.7496670484542847 5
1710874084152 0.6359773278236389 5
1710874086057 0.7341938018798828 5
1710874087964 0.7184568643569946 5
1710874089853 0.6954786777496338 5
1710874091752 0.6481719017028809 5
1710874093658 0.7033664584159851 5
1710874095544 0.7819815874099731 5
1710874097461 0.7456236481666565 5
1710874099389 0.7051801681518555 5
1710874101284 0.6777604818344116 5
1710874103223 0.6367157101631165 5
1710874105097 0.7364926338195801 5
1710874106977 0.7311158180236816 5
1710874108885 0.7829107046127319 5
1710874110819 0.7295548915863037 5
1710874112715 0.6667431592941284 5
1710874114616 0.7279881238937378 5
1710874116518 0.6969481706619263 5
1710874118406 0.6015284061431885 5
1710874120318 0.6545392274856567 5
1710874122194 0.8139755129814148 5
1710874124114 0.7322101593017578 5
1710874126016 0.7496272325515747 5
1710874127921 0.7722935676574707 5
1710874129817 0.7052565217018127 5
1710874131710 0.6858770847320557 5
1710874133586 0.7931276559829712 5
1710874135529 0.7793811559677124 5
1710874137430 0.7015548348426819 5
1710874139320 0.668791651725769 5
1710874141243 0.7469832897186279 5
1710874143185 0.7910937070846558 5
1710874145093 0.6880058646202087 5
1710874147020 0.7851188778877258 5
1710874148932 0.7089734077453613 5
1710874150839 0.6975148916244507 5
1710874152729 0.6941735148429871 5
1710874154649 0.7006692886352539 5
1710874156579 0.7344182729721069 5
1710874158448 0.67405766248703 5
1710874160346 0.6695681214332581 5
1710874162272 0.8133137822151184 5
1710874164169 0.8229906558990479 5
1710874166372 0.7013165354728699 5
1710874168261 0.7663481831550598 5
1710874170179 0.709811806678772 5
1710874172085 0.6571418046951294 5
1710874173997 0.695871114730835 5
1710874175902 0.7135721445083618 5
1710874177829 0.6918985843658447 5
1710874179728 0.7311705350875854 5
1710874181660 0.7058349847793579 5
1710874183574 0.6957989931106567 5
1710874185493 0.7334365844726562 5
1710874187397 0.6579959392547607 5
1710874189273 0.775714635848999 5
1710874191190 0.696953535079956 5
1710874193081 0.7539559006690979 5
1710874195005 0.6519214510917664 5
1710874196894 0.7246917486190796 5
1710874198789 0.7064186334609985 5
1710874200703 0.6757929921150208 5
1710874202597 0.7145088315010071 5
1710874204491 0.7034271359443665 5
1710874206410 0.7282099723815918 5
1710874208323 0.7294254899024963 5
1710874210229 0.6327654719352722 5
1710874212120 0.7494678497314453 5
1710874214018 0.6892988681793213 5
1710874215917 0.6504526734352112 5
1710874217824 0.6840102672576904 5
1710874219718 0.6259123682975769 5
1710874221600 0.7544881105422974 5
1710874223515 0.8172367215156555 5
1710874225417 0.7010490894317627 5
1710874227338 0.7311941981315613 5
1710874229239 0.704882025718689 5
1710874231130 0.7484278678894043 5
1710874233027 0.7154797315597534 5
1710874234931 0.6607067584991455 5
1710874236839 0.7088031768798828 5
1710874238736 0.7871410846710205 5
1710874240636 0.710923433303833 5
1710874242529 0.7191290855407715 5
1710874244445 0.7018735408782959 5
1710874246345 0.7035970091819763 5
1710874248255 0.8106303215026855 5
1710874250136 0.6940865516662598 5
1710874252031 0.6593546271324158 5
1710874253930 0.724442720413208 5
1710874255828 0.8002650737762451 5
1710874257761 0.6099929809570312 5
1710874259672 0.7606343626976013 5
1710874261574 0.664206326007843 5
1710874263466 0.7359877228736877 5
1710874265380 0.7423043847084045 5
1710874267275 0.673967182636261 5
1710874269208 0.6415145397186279 5
1710874271118 0.7186428308486938 5
1710874273025 0.7249602675437927 5
1710874274919 0.7333217263221741 5
1710874276838 0.6039063930511475 5
1710874278738 0.80884850025177 5
1710874280670 0.7300671339035034 5
1710874282594 0.6655583381652832 5
1710874284481 0.6925841569900513 5
1710874286366 0.7027036547660828 5
1710874288254 0.7805324792861938 5
1710874290162 0.7331523895263672 5
1710874292070 0.7171303629875183 5
1710874293957 0.7165210247039795 5
1710874295832 0.6544646620750427 5
1710874297747 0.6346909999847412 5
1710874299661 0.7736611366271973 5
1710874301567 0.69841468334198 5
1710874303757 0.6666287183761597 5
1710874305659 0.7092758417129517 5
1710874307543 0.703086256980896 5
1710874309460 0.7593896389007568 5
1710874311367 0.7005216479301453 5
1710874313251 0.7021640539169312 5
1710874315164 0.7596946954727173 5
1710874317090 0.7306346297264099 5
1710874319018 0.7080672979354858 5
1710874320934 0.7468104958534241 5
1710874322854 0.6556099653244019 5
1710874324772 0.666778028011322 5
1710874326686 0.7509057521820068 5
1710874328612 0.8332085609436035 5
1710874330493 0.7159984111785889 5
1710874332427 0.6776061058044434 5
1710874334334 0.7214599251747131 5
1710874336228 0.7272647619247437 5
1710874338147 0.8028562664985657 5
1710874340059 0.713722825050354 5
1710874341951 0.6330162882804871 5
1710874343875 0.700957715511322 5
1710874345793 0.7428814172744751 5
1710874347690 0.7144746780395508 5
1710874349611 0.6929552555084229 5
1710874351510 0.6219202280044556 5
1710874353421 0.8122337460517883 5
1710874355314 0.7457484602928162 5
1710874357237 0.7339986562728882 5
1710874359142 0.6588131785392761 5
1710874361048 0.6598914861679077 5
1710874362970 0.7370816469192505 5
1710874364867 0.7977660298347473 5
1710874366742 0.7354133725166321 5
1710874368646 0.6832292079925537 5
1710874370557 0.6624094247817993 5
1710874372445 0.7122514843940735 5
1710874374328 0.7179555296897888 5
1710874376233 0.7273369431495667 5
1710874378142 0.705159604549408 5
1710874380044 0.721937894821167 5
1710874381971 0.7072795033454895 5
1710874383887 0.760521650314331 5
1710874385801 0.6866500377655029 5
1710874387711 0.7011476755142212 5
1710874389605 0.6948633193969727 5
1710874391493 0.7213003039360046 5
1710874393420 0.7712788581848145 5
1710874395326 0.691317617893219 5
1710874397209 0.8534402847290039 5
1710874399103 0.6432863473892212 5
1710874401016 0.7077229022979736 5
1710874402932 0.7135747075080872 5
1710874404803 0.7610095739364624 5
1710874406695 0.6848997473716736 5
1710874408606 0.7607640027999878 5
1710874410490 0.6462540030479431 5
1710874412388 0.6578425168991089 5
1710874414252 0.7547140717506409 5
1710874416192 0.7229536771774292 5
1710874418084 0.6736583709716797 5
1710874419990 0.7279710173606873 5
1710874421908 0.6493139266967773 5
1710874423825 0.7997841835021973 5
1710874425733 0.7134115695953369 5
1710874427636 0.6962289810180664 5
1710874429509 0.7795085906982422 5
1710874431428 0.6796388030052185 5
1710874433345 0.6759896278381348 5
1710874435268 0.649213433265686 5
1710874437165 0.7314715385437012 5
1710874439067 0.7520045042037964 5
1710874440965 0.7619506120681763 5
1710874442894 0.6709308624267578 5
1710874444820 0.7151944637298584 5
1710874446722 0.6368352174758911 5
1710874448597 0.6451037526130676 5
1710874450792 0.6670488119125366 5
1710874452692 0.7431114912033081 5
1710874454604 0.7366629838943481 5
1710874456525 0.7889169454574585 5
1710874458429 0.7860767841339111 5
1710874460566 0.7153413891792297 5
1710874462453 0.8033359050750732 5
1710874464353 0.7378286123275757 5
1710874466270 0.7035422325134277 5
1710874468177 0.6777544021606445 5
1710874470118 0.686590313911438 5
1710874472017 0.7347319722175598 5
1710874473905 0.7354791164398193 5
1710874475814 0.6407912373542786 5
1710874477714 0.7705774903297424 5
1710874479607 0.6742430925369263 5
1710874481547 0.7063722610473633 5
1710874483461 0.7540056705474854 5
1710874485379 0.7156146764755249 5
1710874487282 0.6963359117507935 5
1710874489203 0.6756258606910706 5
1710874491096 0.7265008687973022 5
1710874493007 0.7203052043914795 5
1710874494889 0.7262803912162781 5
1710874496801 0.7764766812324524 5
1710874498671 0.6893484592437744 5
1710874500535 0.7274169921875 5
1710874502465 0.7384737730026245 5
1710874504402 0.6540074348449707 5
1710874506288 0.6165263652801514 5
1710874508192 0.6076942682266235 5
1710874510081 0.7464129328727722 5
1710874511963 0.7574986815452576 5
1710874513859 0.657848060131073 5
1710874515784 0.7027525901794434 5
1710874517682 0.7262810468673706 5
1710874519581 0.7189514636993408 5
1710874521461 0.676826000213623 5
1710874523377 0.7107031345367432 5
1710874525259 0.7371457815170288 5
1710874527149 0.7566296458244324 5
1710874529084 0.6446917057037354 5
1710874530984 0.6707158088684082 5
1710874532894 0.819952130317688 5
1710874534820 0.7694867849349976 5
