1712016577142 0.45115941762924194 0
1712018907147 0.5544292330741882 5
1712021221717 0.6189149022102356 10
1712023540602 0.6109523773193359 15
1712025853627 0.5592495799064636 20
1712028162687 0.5382515788078308 25
1712030466293 0.5270798802375793 30
1712032767806 0.6381940245628357 35
1712035055648 0.5530422925949097 40
1712037401615 0.6670546531677246 45
1712039703845 0.515837550163269 50
1712042006936 0.5702477693557739 55
1712044294036 0.6030429601669312 60
1712046595502 0.5808837413787842 65
1712048901489 0.5916199088096619 70
1712051210058 0.5872750878334045 75
1712053490423 0.5172366499900818 80
1712055771437 0.5668474435806274 85
1712058054744 0.6016123294830322 90
1712060362982 0.6416200995445251 95
