1712016577138 19.940680048226184 0
1712018907146 12.056943963655911 5
1712021221716 8.635691702626387 10
1712023540600 3.8553355765612487 15
1712025853623 7.603732460365288 20
1712028162685 3.2077183827997064 25
1712030466292 9.047926976401548 30
1712032767802 5.368021619630893 35
1712035055645 8.027855010780549 40
1712037401613 5.481479853156948 45
1712039703843 7.117231555943334 50
1712042006934 7.979209015239917 55
1712044294035 6.953035188041115 60
1712046595500 6.868513733027692 65
1712048901487 6.680487962139129 70
1712051210057 7.311786997139109 75
1712053490421 6.369366612474046 80
1712055771436 8.890870356451702 85
1712058054740 6.939812517501238 90
1712060362981 5.83710890777804 95
